date,open,high,low,close,volume,Name
2014-01-24,69.2766,69.3992,67.5598,67.5598,825305,FMC
2014-01-27,67.4183,68.2861,66.7485,67.6258,889110,FMC
2014-01-28,67.6635,68.0691,67.456,67.6069,439361,FMC
2014-01-29,67.173,68.305,67.1353,67.5975,640225,FMC
2014-01-30,68.0408,68.0974,67.3617,67.7862,566154,FMC
2014-01-31,66.9183,67.522,66.5599,66.6259,992337,FMC
2014-02-03,66.5787,67.0032,64.6355,64.9657,1341625,FMC
2014-02-04,65.3524,66.324,64.8336,65.5788,1054095,FMC
2014-02-05,65.2298,65.8618,63.9563,65.5505,1577658,FMC
2014-02-06,65.3524,68.4276,63.4941,67.5032,3118495,FMC
2014-02-07,67.6635,68.1069,66.4089,67.4654,1537631,FMC
2014-02-10,67.1919,67.5503,66.6353,67.4466,810680,FMC
2014-02-11,67.6447,68.5125,67.522,68.1069,980310,FMC
2014-02-12,68.2672,68.6729,67.673,67.7484,777768,FMC
2014-02-13,67.4183,68.2389,67.0409,68.0691,520720,FMC
2014-02-14,68.0314,69.1351,67.8239,68.7955,767003,FMC
2014-02-18,68.6257,69.0125,68.4559,68.654,843054,FMC
2014-02-19,68.654,69.3332,68.2861,68.5408,873235,FMC
2014-02-20,68.6351,69.1257,68.2201,68.937,504371,FMC
2014-02-21,69.1445,69.2388,68.5031,68.5785,458856,FMC
2014-02-24,68.4559,68.9653,68.1352,68.2201,824138,FMC
2014-02-25,68.2672,68.8615,67.9748,68.5502,748632,FMC
2014-02-26,68.7389,71.0028,68.6446,70.9462,1412299,FMC
2014-02-27,70.9557,72.5027,70.9463,71.9273,1835695,FMC
2014-02-28,72.2197,73.8894,72.1159,72.8046,1718969,FMC
2014-03-03,72.031,72.6348,71.5075,72.5027,754172,FMC
2014-03-04,73.229,73.7479,72.7763,73.6535,849060,FMC
2014-03-05,73.5309,73.7007,72.9932,73.3517,1082677,FMC
2014-03-06,73.38,73.9743,73.3422,73.6535,902819,FMC
2014-03-07,73.8799,74.1158,73.3988,73.4554,968673,FMC
2014-03-10,79.1813,79.1813,76.823,78.3889,3500960,FMC
2014-03-11,77.5117,77.8701,76.191,76.5401,1776771,FMC
2014-03-12,76.0967,76.2476,75.4647,75.7005,1709600,FMC
2014-03-13,76.1061,76.6721,75.0968,75.5967,1169721,FMC
2014-03-14,75.6062,76.0024,74.5025,74.5119,753894,FMC
2014-03-17,74.71,75.7382,74.4327,75.2572,1397085,FMC
2014-03-18,75.0685,75.7948,73.729,74.6251,1957866,FMC
2014-03-19,74.6817,74.8779,73.1253,73.512,1148801,FMC
2014-03-20,73.446,74.6912,73.2988,74.6534,1225764,FMC
2014-03-21,75.2949,75.7288,74.427,74.427,3437133,FMC
2014-03-24,74.9836,75.3138,73.6252,74.0309,875905,FMC
2014-03-25,74.5308,75.0355,73.7479,73.8139,572834,FMC
2014-03-26,74.0592,74.2761,72.1725,72.2008,1078515,FMC
2014-03-27,73.4957,73.4957,72.2387,72.9192,1170283,FMC
2014-03-28,73.0042,73.543,72.1252,72.2576,1079162,FMC
2014-03-31,72.5411,72.7396,71.785,72.3615,1774649,FMC
2014-04-01,72.957,73.2311,72.2859,73.0799,1195715,FMC
2014-04-02,72.9097,74.1479,72.8247,74.0439,1156414,FMC
2014-04-03,74.1762,74.5732,73.5335,73.9494,994916,FMC
2014-04-04,74.507,74.8,72.4182,72.5222,817210,FMC
2014-04-07,72.3899,72.8436,71.3975,71.596,1113632,FMC
2014-04-08,71.8039,72.5695,71.4447,72.3048,893615,FMC
2014-04-09,72.4561,73.3634,72.2009,73.3634,620833,FMC
2014-04-10,73.25,73.4485,71.388,71.388,761383,FMC
2014-04-11,71.1139,71.2179,70.1593,70.2255,1281498,FMC
2014-04-14,70.8871,71.388,70.3294,70.8209,790688,FMC
2014-04-15,71.0194,71.4258,70.3672,71.2935,499285,FMC
2014-04-16,71.9268,72.8058,71.785,72.5978,522031,FMC
2014-04-17,72.3426,73.0231,72.1725,72.5411,622438,FMC
2014-04-21,72.4277,72.8436,72.2103,72.5789,414762,FMC
2014-04-22,72.5789,72.8719,72.3237,72.6923,416108,FMC
2014-04-23,72.7018,72.9948,72.5411,72.7112,337644,FMC
2014-04-24,72.8436,72.9475,71.6054,71.6716,682319,FMC
2014-04-25,71.5676,71.974,71.2462,71.4542,553357,FMC
2014-04-28,71.9268,72.0761,70.7453,71.1706,683062,FMC
2014-04-29,71.5392,72.3143,71.5298,71.9835,439668,FMC
2014-04-30,72.0496,72.9381,71.785,72.7774,418436,FMC
2014-05-01,72.5317,72.7774,71.9362,72.5128,565718,FMC
2014-05-02,72.4466,72.9381,71.9362,71.9929,698420,FMC
2014-05-05,71.6621,72.1725,71.3219,71.9551,956870,FMC
2014-05-06,72.0969,72.3804,71.4353,71.8322,789193,FMC
2014-05-07,71.9929,72.2576,68.5431,69.2709,3486251,FMC
2014-05-08,69.1858,70.3672,68.94,69.0251,1465722,FMC
2014-05-09,68.959,69.4315,68.5903,68.9306,911937,FMC
2014-05-12,69.1952,70.0931,69.1481,69.4788,719167,FMC
2014-05-13,69.5355,69.8096,68.7888,68.855,767756,FMC
2014-05-14,68.8928,69.4032,68.2501,69.1007,758978,FMC
2014-05-15,68.9022,68.9779,67.5318,68.3257,1037282,FMC
2014-05-16,68.0516,68.5053,67.0308,68.458,1146104,FMC
2014-05-19,68.1839,69.7718,68.0705,69.3087,776366,FMC
2014-05-20,69.1102,69.7056,68.9022,69.5733,1308105,FMC
2014-05-21,69.8191,70.4665,69.6867,70.3767,991121,FMC
2014-05-22,70.2349,71.7944,69.8758,71.6243,1919959,FMC
2014-05-23,71.1706,71.681,71.0808,71.5865,1405430,FMC
2014-05-27,71.9457,72.4088,71.8039,72.078,932145,FMC
2014-05-28,72.078,72.6451,71.8795,72.2954,775333,FMC
2014-05-29,72.56,72.7774,71.7661,72.7679,484709,FMC
2014-05-30,72.6829,72.758,72.2292,72.3615,696192,FMC
2014-06-02,72.4277,72.7869,72.0662,72.6167,725255,FMC
2014-06-03,72.3048,72.7018,72.026,72.1347,880481,FMC
2014-06-04,72.1063,72.9853,71.7566,72.8719,542210,FMC
2014-06-05,72.9664,74.1762,72.56,73.9589,911097,FMC
2014-06-06,73.8927,74.1573,73.4863,74.1479,390032,FMC
2014-06-09,74.0628,74.1951,73.5335,73.7793,371037,FMC
2014-06-10,73.4674,73.9872,72.6829,73.9494,516484,FMC
2014-06-11,73.5146,74.1857,73.0137,73.7131,468506,FMC
2014-06-12,73.5997,73.7131,72.6734,72.7396,415684,FMC
2014-06-13,72.7774,73.0326,72.6356,73.0137,467568,FMC
2014-06-16,72.8908,73.1649,72.2481,72.3615,483756,FMC
2014-06-17,72.3804,72.4088,71.5865,71.6432,1282037,FMC
2014-06-18,71.8322,71.9268,70.6602,70.8871,1862571,FMC
2014-06-19,71.0667,71.492,70.7642,70.7737,1523176,FMC
2014-06-20,70.6886,71.01,70.3672,70.6508,3577123,FMC
2014-06-23,69.3937,69.3937,67.0592,67.201,3390943,FMC
2014-06-24,67.097,67.6452,66.4259,67.0497,1757103,FMC
2014-06-25,67.0781,67.4467,66.4354,66.7473,1216727,FMC
2014-06-26,66.6052,67.2635,65.8285,67.2493,2000017,FMC
2014-06-27,67.0598,67.1451,66.6147,67.0788,1271124,FMC
2014-06-30,67.0314,67.6471,66.7095,67.4292,1721865,FMC
2014-07-01,67.4577,67.6329,67.0409,67.2493,1147432,FMC
2014-07-02,67.0883,67.4472,66.6715,66.8325,1012375,FMC
2014-07-03,67.0693,67.7513,66.9083,67.6092,447120,FMC
2014-07-07,67.3819,67.4813,66.7757,67.022,599186,FMC
2014-07-08,67.0125,67.0125,66.0558,66.1506,1046553,FMC
2014-07-09,66.5105,66.6147,66.0464,66.3684,826209,FMC
2014-07-10,65.6201,65.999,65.0708,65.4875,1463885,FMC
2014-07-11,65.5822,65.7172,65.355,65.6012,637391,FMC
2014-07-14,64.9192,65.3928,64.8624,65.1939,805806,FMC
2014-07-15,66.5105,66.842,65.2129,65.4591,2003705,FMC
2014-07-16,65.9327,65.9516,65.2697,65.5822,905172,FMC
2014-07-17,65.2413,65.6296,64.7582,64.7866,1032404,FMC
2014-07-18,64.8529,65.5728,64.5025,65.4875,716167,FMC
2014-07-21,65.4307,65.7622,64.8908,64.9192,507229,FMC
2014-07-22,65.3076,65.4402,64.9382,65.1655,600724,FMC
2014-07-23,65.156,65.2981,64.9476,65.1655,537734,FMC
2014-07-24,65.3549,65.3549,64.8056,64.8624,810481,FMC
2014-07-25,64.7677,65.2886,64.6209,64.673,648316,FMC
2014-07-28,64.8245,65.2602,64.4172,64.8245,2358909,FMC
2014-07-29,64.9476,65.1181,64.4362,64.4456,875410,FMC
2014-07-30,64.4456,64.7582,63.3565,63.4795,1673457,FMC
2014-07-31,63.4132,63.8963,61.5662,61.7746,1649071,FMC
2014-08-01,62.0398,62.3713,61.7936,62.1251,1242948,FMC
2014-08-04,62.0398,62.3713,61.7936,62.1251,1242948,FMC
2014-08-05,61.8788,61.983,61.0642,61.3863,1111574,FMC
2014-08-06,61.2821,61.5568,61.0927,61.3768,743526,FMC
2014-08-07,61.4905,61.5947,60.6664,60.7896,516485,FMC
2014-08-08,61.1021,61.6216,60.8937,61.5378,734550,FMC
2014-08-11,61.7367,62.1345,61.4336,61.4715,609545,FMC
2014-08-12,61.4242,61.7557,61.1305,61.3673,599089,FMC
2014-08-13,61.6704,62.0777,61.2726,61.2726,974527,FMC
2014-08-14,61.5568,62.8875,61.5568,62.5134,3628500,FMC
2014-08-15,63.1196,63.2996,61.8409,62.5513,1785237,FMC
2014-08-18,62.9018,63.3375,62.826,62.9018,1483921,FMC
2014-08-19,62.8828,63.0438,62.7218,62.8354,805238,FMC
2014-08-20,62.8354,63.3375,62.6207,62.9112,1026540,FMC
2014-08-21,63.0533,63.0533,62.4092,62.4566,1219665,FMC
2014-08-22,62.3713,62.7502,61.6041,61.9072,1136348,FMC
2014-08-25,62.2766,62.3543,61.9167,62.0682,852587,FMC
2014-08-26,62.2482,62.4945,61.8314,61.9451,994657,FMC
2014-08-27,62.0682,62.4945,62.0588,62.2482,1189732,FMC
2014-08-28,62.1345,62.8544,62.0777,62.646,1790670,FMC
2014-08-29,62.6555,63.0438,62.4187,62.646,764474,FMC
2014-09-02,62.7691,62.826,62.0493,62.485,1051717,FMC
2014-09-03,62.6271,62.8165,62.1156,62.2293,679812,FMC
2014-09-04,62.2766,62.485,61.9356,61.983,1087806,FMC
2014-09-05,61.8883,62.1535,61.6799,62.1345,540728,FMC
2014-09-08,62.144,63.1291,62.144,62.6271,1569877,FMC
2014-09-09,62.2671,62.7407,60.4959,60.6285,1497921,FMC
2014-09-10,60.6285,60.638,59.6719,60.1549,1768399,FMC
2014-09-11,59.9087,60.7896,59.8234,60.2307,1359332,FMC
2014-09-12,60.297,60.3065,58.8005,59.132,1625247,FMC
2014-09-15,59.1131,60.297,58.9757,60.0318,1962507,FMC
2014-09-16,60.0318,60.0792,59.5697,59.8803,1000922,FMC
2014-09-17,60.1455,60.1739,58.0428,58.0617,3480006,FMC
2014-09-18,58.1375,58.4879,57.5313,57.6544,2468166,FMC
2014-09-19,57.806,57.8202,57.2661,57.4176,1552310,FMC
2014-09-22,57.5597,57.6544,57.1714,57.2092,1084672,FMC
2014-09-23,57.2187,57.3513,56.8398,56.8588,860457,FMC
2014-09-24,56.8304,56.944,56.3473,56.3663,1415354,FMC
2014-09-25,56.1579,56.2147,55.0118,55.1444,1952129,FMC
2014-09-26,55.2014,55.5052,55.1254,55.2868,1103185,FMC
2014-09-29,54.9545,55.1444,54.4227,54.5556,1164519,FMC
2014-09-30,54.4796,54.85,54.1093,54.3087,3674298,FMC
2014-10-01,53.8339,54.2802,53.3306,53.4731,2137473,FMC
2014-10-02,53.2736,54.2327,53.1787,54.0618,2330621,FMC
2014-10-03,54.3657,54.5176,53.9669,54.0998,1533619,FMC
2014-10-06,54.3372,54.736,54.114,54.1188,1355935,FMC
2014-10-07,53.6155,53.625,52.2006,52.2101,2352764,FMC
2014-10-08,52.2955,52.4095,51.6023,52.1056,2193317,FMC
2014-10-09,52.1531,52.2955,50.5958,50.7951,1566874,FMC
2014-10-10,50.6622,51.2035,49.9879,50.0924,1163933,FMC
2014-10-13,50.1209,50.5482,48.9814,49.0003,1298522,FMC
2014-10-14,48.8864,50.8616,48.4686,50.1589,1987716,FMC
2014-10-15,50.0544,51.7637,48.9719,51.5738,2632019,FMC
2014-10-16,51.3554,53.644,51.042,53.3116,2593083,FMC
2014-10-17,53.7959,54.774,53.2926,53.644,1752233,FMC
2014-10-20,53.5015,53.9763,53.492,53.9384,1215961,FMC
2014-10-21,54.3657,56.0465,54.1873,55.9895,1618032,FMC
2014-10-22,56.5973,56.6638,55.4008,55.5052,2326590,FMC
2014-10-23,56.17,56.2934,55.0874,55.2488,1650783,FMC
2014-10-24,55.2014,55.4388,54.3942,55.1919,1036089,FMC
2014-10-27,54.6696,54.6791,53.549,53.9289,1051373,FMC
2014-10-28,54.2327,54.8785,54.0048,54.869,1397959,FMC
2014-10-29,54.793,55.0779,53.701,54.5746,2195914,FMC
2014-10-30,52.6944,55.5242,52.3715,55.1919,2971119,FMC
2014-10-31,55.6097,55.7711,54.2138,54.4607,2731689,FMC
2014-11-03,54.5841,54.8025,53.2641,53.4256,1355675,FMC
2014-11-04,53.5585,53.6345,52.8938,52.9698,1317383,FMC
2014-11-05,53.2262,53.8149,52.9698,53.7674,1038471,FMC
2014-11-06,53.8814,54.3752,53.587,54.3562,1225297,FMC
2014-11-07,54.3562,54.5651,53.9479,54.1283,1380858,FMC
2014-11-10,54.0618,54.4417,53.8244,53.9289,1018775,FMC
2014-11-11,53.9384,54.3467,53.8149,53.9574,1374099,FMC
2014-11-12,53.8244,53.9574,53.5015,53.9004,660322,FMC
2014-11-13,54.0333,54.1853,53.2451,53.549,728431,FMC
2014-11-14,53.549,53.9763,53.492,53.7674,768590,FMC
2014-11-17,53.7579,54.1758,53.4351,53.4825,1064550,FMC
2014-11-18,53.587,54.0903,53.4541,53.9289,1461270,FMC
2014-11-19,53.9384,53.9384,53.3116,53.53,751856,FMC
2014-11-20,53.2262,53.5585,52.9982,53.1502,1488706,FMC
2014-11-21,54.0238,54.2897,53.492,53.6535,1191093,FMC
2014-11-24,53.6535,53.9574,53.2926,53.8719,1567200,FMC
2014-11-25,53.9384,53.9669,53.3496,53.3781,918133,FMC
2014-11-26,53.1692,53.3762,52.7134,52.8843,849354,FMC
2014-11-28,52.6469,52.9223,51.5548,51.6593,545992,FMC
2014-12-01,51.5548,51.9632,50.9945,51.042,1517909,FMC
2014-12-02,50.8996,51.5168,50.8236,51.3459,1158164,FMC
2014-12-03,51.2699,52.3335,50.9945,52.267,1883999,FMC
2014-12-04,52.1151,52.7323,52.1056,52.4665,973718,FMC
2014-12-05,52.6184,54.5271,52.4854,54.0903,2187110,FMC
2014-12-08,54.0238,54.0618,53.2356,53.3781,1197792,FMC
2014-12-09,53.0932,53.549,52.8368,53.5015,910934,FMC
2014-12-10,53.2356,53.53,52.2101,52.381,1259174,FMC
2014-12-11,52.2385,53.3971,52.2385,53.0077,1934456,FMC
2014-12-12,52.6469,52.7134,52.2101,52.2291,1887092,FMC
2014-12-15,52.8558,53.1882,52.1151,52.2196,1644908,FMC
2014-12-16,52.0486,52.8653,51.5073,51.5643,1292672,FMC
2014-12-17,51.8017,53.1882,51.6118,53.1787,1054314,FMC
2014-12-18,54.8025,54.812,52.6013,53.6535,1805721,FMC
2014-12-19,53.9763,54.2897,53.625,54.0903,2470900,FMC
2014-12-22,53.9194,54.2422,53.0172,53.663,1405407,FMC
2014-12-23,53.7484,55.0304,53.701,55.0019,1249997,FMC
2014-12-24,54.9165,55.0684,54.5841,54.831,361247,FMC
2014-12-26,55.0399,55.0779,54.6221,54.6601,518255,FMC
2014-12-29,54.5744,55.1161,54.5649,54.8695,670885,FMC
2014-12-30,54.7267,55.1266,54.603,54.7934,602892,FMC
2014-12-31,54.8505,55.1647,54.2031,54.2983,944749,FMC
2015-01-02,54.3459,54.3459,53.27,54.2412,1001208,FMC
2015-01-05,53.8318,53.9174,52.7559,53.051,1054775,FMC
2015-01-06,53.1653,54.2221,52.9082,53.3938,1440861,FMC
2015-01-07,53.7461,54.0126,53.2986,53.7937,739663,FMC
2015-01-08,54.165,55.1504,54.0793,55.1266,1156338,FMC
2015-01-09,55.3932,55.517,54.5934,54.7839,976613,FMC
2015-01-12,55.6883,56.5909,54.5077,56.3643,1965594,FMC
2015-01-13,56.6214,57.2117,55.6217,56.5833,1770040,FMC
2015-01-14,55.755,56.1454,55.0409,56.0977,1143594,FMC
2015-01-15,56.2977,56.5643,55.3456,55.3456,1340577,FMC
2015-01-16,55.3361,55.5931,54.7648,55.4979,1175939,FMC
2015-01-20,55.4218,55.7836,54.6601,55.1266,608029,FMC
2015-01-21,54.9362,55.7264,54.78,55.5836,670941,FMC
2015-01-22,55.6027,56.6785,55.517,56.5452,696005,FMC
2015-01-23,56.5928,56.5928,55.079,55.1456,608123,FMC
2015-01-26,55.0504,55.7074,54.7362,55.4408,643201,FMC
2015-01-27,54.641,55.9549,54.5553,55.5931,706689,FMC
2015-01-28,56.0121,56.0121,54.3078,54.4125,573362,FMC
2015-01-29,54.5649,54.9362,53.8508,54.3649,832374,FMC
2015-01-30,53.8603,55.3342,53.708,54.7458,1054157,FMC
2015-02-02,55.1456,55.2599,54.2126,55.06,771797,FMC
2015-02-03,55.2123,56.7833,55.1837,56.6119,1602865,FMC
2015-02-04,56.4595,56.8785,55.6693,56.0597,1292086,FMC
2015-02-05,54.3649,59.9347,53.0796,59.0873,3838240,FMC
2015-02-06,58.8874,59.4491,57.821,58.7636,1717908,FMC
2015-02-09,58.4494,59.2492,58.4494,58.7065,1171815,FMC
2015-02-10,58.6399,58.8493,58.1543,58.6113,696979,FMC
2015-02-11,58.4304,59.1373,58.2685,58.935,888536,FMC
2015-02-12,59.0969,60.4108,59.0969,60.2108,1214960,FMC
2015-02-13,60.2108,60.744,60.1442,60.6297,1096470,FMC
2015-02-17,60.2775,61.4676,60.0775,61.3438,1405678,FMC
2015-02-18,61.22,61.5247,60.8202,60.963,1286908,FMC
2015-02-19,60.4774,60.9154,60.2775,60.6774,956974,FMC
2015-02-20,60.6202,60.9535,60.1918,60.9439,637958,FMC
2015-02-23,60.763,60.8868,60.506,60.6869,577632,FMC
2015-02-24,60.7535,61.1915,60.525,60.7821,817452,FMC
2015-02-25,60.9154,61.3533,60.5536,61.182,701832,FMC
2015-02-26,61.0106,61.2029,60.3441,60.5726,734403,FMC
2015-02-27,60.5726,60.6678,60.2108,60.3727,674496,FMC
2015-03-02,60.4584,61.5057,59.9254,61.4962,581063,FMC
2015-03-03,61.182,61.6199,60.7154,60.9344,464796,FMC
2015-03-04,60.4965,60.6583,60.0204,60.2299,637249,FMC
2015-03-05,60.2489,60.2584,59.0778,59.3444,547207,FMC
2015-03-06,58.8779,59.0207,58.0305,58.2781,1128297,FMC
2015-03-09,58.3257,58.8493,58.0591,58.3733,1048475,FMC
2015-03-10,57.7925,58.0972,56.9642,57.0689,1255954,FMC
2015-03-11,57.0689,57.5449,56.907,57.3355,569658,FMC
2015-03-12,57.564,57.7449,57.1546,57.7163,650030,FMC
2015-03-13,57.4116,57.6973,57.0118,57.364,887762,FMC
2015-03-16,57.3164,57.5459,56.7833,57.2117,949970,FMC
2015-03-17,56.8213,57.3545,56.312,56.5072,1025748,FMC
2015-03-18,56.2025,56.7833,55.3361,56.3643,1324730,FMC
2015-03-19,56.1168,56.4405,55.8312,56.1263,913728,FMC
2015-03-20,56.4215,56.8785,55.8883,56.7737,1185773,FMC
2015-03-23,56.8404,57.4688,56.5833,56.9451,911960,FMC
2015-03-24,56.8309,56.8309,56.0787,56.2025,856248,FMC
2015-03-25,56.2215,56.3263,55.1837,55.1837,834741,FMC
2015-03-26,55.1266,55.5455,54.841,55.3742,1188916,FMC
2015-03-27,55.0161,55.441,54.3286,54.4432,1336658,FMC
2015-03-30,54.6533,55.293,54.5387,55.188,967868,FMC
2015-03-31,54.997,55.1975,54.5196,54.6628,1488477,FMC
2015-04-01,54.7201,54.7965,53.8608,54.4432,1196388,FMC
2015-04-02,54.2045,54.5196,54.1281,54.1472,663709,FMC
2015-04-06,53.9849,54.7583,53.9849,54.5864,1526801,FMC
2015-04-07,54.6246,55.1402,54.596,54.6724,739644,FMC
2015-04-08,54.9111,55.0911,54.5578,54.7201,809881,FMC
2015-04-09,54.806,54.8633,54.3955,54.7679,1691802,FMC
2015-04-10,54.9588,55.7418,54.7201,55.7418,2573090,FMC
2015-04-13,55.589,56.6154,55.4439,56.0568,916905,FMC
2015-04-14,55.6558,56.1332,55.3312,55.8754,1237936,FMC
2015-04-15,56.0664,57.1835,55.9518,56.9735,1270631,FMC
2015-04-16,56.8111,56.8971,56.4006,56.5056,883462,FMC
2015-04-17,55.9136,56.2096,55.3407,55.398,1006068,FMC
2015-04-20,55.5126,55.8897,55.2834,55.4744,822206,FMC
2015-04-21,55.4744,55.8277,54.8156,55.3312,972353,FMC
2015-04-22,55.3407,55.5031,55.0925,55.484,755119,FMC
2015-04-23,55.5221,56.1237,55.3598,55.9518,712260,FMC
2015-04-24,55.9996,56.2669,55.8468,55.9232,767140,FMC
2015-04-27,56.1428,56.3099,55.8086,56.1905,1755118,FMC
2015-04-28,56.2383,56.5151,55.8181,56.4292,1035988,FMC
2015-04-29,56.1619,57.4556,55.9327,57.2217,819323,FMC
2015-04-30,57.0307,57.2885,56.4006,56.6297,647268,FMC
2015-05-01,56.8971,57.6514,56.8589,57.5082,838170,FMC
2015-05-04,57.5082,58.0906,57.4986,57.6418,673488,FMC
2015-05-05,57.8232,58.167,56.6297,56.6584,490448,FMC
2015-05-06,56.9735,57.1453,56.2955,56.8111,450055,FMC
2015-05-07,56.6202,56.9639,56.2383,56.7634,523410,FMC
2015-05-08,57.2885,58.3484,57.2885,58.1956,1514813,FMC
2015-05-11,56.6966,58.0047,56.6011,57.9378,2105760,FMC
2015-05-12,57.3554,57.4604,54.4241,55.1593,3899811,FMC
2015-05-13,55.1689,56.4197,54.2236,56.2096,2572807,FMC
2015-05-14,56.5151,56.5151,55.4171,55.6558,1128428,FMC
2015-05-15,55.5317,55.7418,55.3503,55.7227,624306,FMC
2015-05-18,55.6654,55.6654,54.7965,55.0829,728278,FMC
2015-05-19,54.9493,55.2644,54.4623,54.7488,674625,FMC
2015-05-20,54.9015,54.9015,54.4526,54.6628,438359,FMC
2015-05-21,54.6151,55.2644,54.4416,55.1784,610102,FMC
2015-05-22,55.1593,55.7608,55.0352,55.6272,673149,FMC
2015-05-26,55.3216,55.5794,54.9779,55.1116,772692,FMC
2015-05-27,55.1307,55.4649,54.806,55.3312,680856,FMC
2015-05-28,55.1307,55.3407,54.9684,55.3025,740345,FMC
2015-05-29,55.2166,55.2834,54.3668,54.5864,1055533,FMC
2015-06-01,54.7106,54.7106,53.8894,54.0422,981561,FMC
2015-06-02,53.9467,54.3191,53.6316,53.8799,1945336,FMC
2015-06-03,54.0613,54.997,53.7233,54.9397,842728,FMC
2015-06-04,54.5101,54.806,53.8512,53.9181,624239,FMC
2015-06-05,53.8321,54.1377,53.3261,53.5361,630704,FMC
2015-06-08,53.3834,53.5361,52.9537,53.0683,839290,FMC
2015-06-09,53.1447,53.307,52.5145,52.6386,820217,FMC
2015-06-10,53.1256,53.2879,52.5527,53.0396,1117110,FMC
2015-06-11,53.1542,53.5934,52.8105,53.011,714744,FMC
2015-06-12,52.8869,52.9728,52.4381,52.5718,726695,FMC
2015-06-15,52.2949,52.4572,52.0753,52.419,696257,FMC
2015-06-16,52.3331,52.9728,52.1612,52.8678,513222,FMC
2015-06-17,53.0015,53.4311,52.5718,53.116,486299,FMC
2015-06-18,53.3261,53.6125,53.011,53.2879,590163,FMC
2015-06-19,53.1256,53.4693,52.4286,52.4572,996961,FMC
2015-06-22,52.6864,52.7818,52.462,52.7246,456897,FMC
2015-06-23,52.7437,52.8391,52.3999,52.524,669512,FMC
2015-06-24,52.4763,52.7341,51.0918,51.1205,1208284,FMC
2015-06-25,51.321,51.4929,50.729,50.8054,982191,FMC
2015-06-26,50.9826,51.3849,50.9634,51.222,1431055,FMC
2015-06-29,50.7814,50.906,49.5651,49.5842,735957,FMC
2015-06-30,50.0056,50.4845,49.0191,50.3313,1691075,FMC
2015-07-01,50.5133,50.5133,49.4837,49.6034,1400895,FMC
2015-07-02,49.7662,49.8524,48.885,49.2873,868321,FMC
2015-07-06,48.569,49.0191,48.0805,48.1763,1008420,FMC
2015-07-07,48.1763,48.2433,47.0557,47.8794,1246557,FMC
2015-07-08,47.458,47.5346,46.5768,46.663,623524,FMC
2015-07-09,47.276,47.4867,46.5385,46.6151,767442,FMC
2015-07-10,47.1132,47.4963,46.9599,47.4292,634458,FMC
2015-07-13,47.6878,48.0901,47.5394,48.0614,498307,FMC
2015-07-14,47.9368,48.7605,47.675,48.751,867163,FMC
2015-07-15,48.454,48.7988,48.0614,48.1763,936296,FMC
2015-07-16,48.2816,48.3966,48.0144,48.1476,547864,FMC
2015-07-17,47.9368,47.9656,47.5154,47.6495,964398,FMC
2015-07-20,47.5633,47.8411,47.3047,47.3718,957245,FMC
2015-07-21,47.4101,47.707,46.8546,46.9216,576291,FMC
2015-07-22,46.8546,47.1036,46.6343,46.7684,588304,FMC
2015-07-23,47.027,47.1247,46.5768,46.7971,698331,FMC
2015-07-24,46.663,46.9159,45.6094,45.801,866598,FMC
2015-07-27,45.4179,45.7148,45.0827,45.2263,757870,FMC
2015-07-28,45.3892,46.2895,45.2263,46.2033,735404,FMC
2015-07-29,46.4044,46.596,45.9064,46.0404,774690,FMC
2015-07-30,46.0788,46.6774,45.6669,46.3278,655473,FMC
2015-07-31,46.5481,46.663,46.0596,46.4906,724056,FMC
2015-08-03,46.5002,46.7205,45.801,46.414,1151494,FMC
2015-08-04,46.3757,47.1706,45.9734,46.6343,724259,FMC
2015-08-05,46.9216,47.3622,46.414,46.4523,842781,FMC
2015-08-06,46.3182,48.1571,45.9159,46.9982,1492103,FMC
2015-08-07,46.8258,46.9791,45.3125,45.37,944420,FMC
2015-08-10,45.7052,47.2568,45.4562,47.1419,1184584,FMC
2015-08-11,46.5768,46.5768,46.1446,46.2703,850093,FMC
2015-08-12,45.7052,46.0021,45.2168,45.3892,939436,FMC
2015-08-13,45.2072,45.2263,44.3356,44.5176,1087963,FMC
2015-08-14,44.5463,44.6996,44.326,44.5367,992391,FMC
2015-08-17,45.1018,45.7914,44.5367,45.7052,663599,FMC
2015-08-18,45.5807,45.8202,45.2359,45.4562,682519,FMC
2015-08-19,45.1306,45.2646,44.4026,44.9773,834960,FMC
2015-08-20,44.69,44.7666,43.9621,43.9621,599195,FMC
2015-08-21,43.5885,43.9333,42.7457,42.7553,1356137,FMC
2015-08-24,40.9451,42.7648,40.4805,41.3186,1910118,FMC
2015-08-25,42.4488,42.4871,38.4357,38.5602,2801366,FMC
2015-08-26,39.2211,39.2881,37.7844,38.5698,3731357,FMC
2015-08-27,39.2594,41.06,39.1733,40.5236,1789500,FMC
2015-08-28,39.9107,40.6865,38.8763,40.6098,1462992,FMC
2015-08-31,40.5332,40.9259,39.7766,40.5236,1134204,FMC
2015-09-01,39.518,39.949,38.6751,38.8284,1279175,FMC
2015-09-02,39.1636,39.949,38.3782,39.949,1830057,FMC
2015-09-03,40.2076,40.8014,39.8723,40.5236,1340816,FMC
2015-09-04,39.9681,40.0543,39.4892,39.7287,1320743,FMC
2015-09-08,40.4279,40.7535,40.1405,40.5428,1026135,FMC
2015-09-09,40.8684,41.1653,39.4892,39.585,794731,FMC
2015-09-10,39.4605,39.7957,38.8858,39.585,1144158,FMC
2015-09-11,39.4413,40.0543,39.3312,39.8436,1108466,FMC
2015-09-14,39.7478,39.8436,38.4165,38.5985,1061601,FMC
2015-09-15,38.7996,39.0103,38.3399,38.5602,1905746,FMC
2015-09-16,38.6272,39.0438,38.3782,38.4261,2415114,FMC
2015-09-17,38.4931,38.656,37.0661,37.1523,2690268,FMC
2015-09-18,37.1235,37.2672,35.9885,36.1657,4183084,FMC
2015-09-21,36.319,36.5584,35.7443,35.9167,2172781,FMC
2015-09-22,35.3899,35.6294,35.1696,35.4857,3650600,FMC
2015-09-23,35.8305,36.1656,34.6764,34.8153,2445153,FMC
2015-09-24,34.2406,34.3076,32.9572,33.4935,2895048,FMC
2015-09-25,33.8096,34.0203,32.8231,33.0051,1573843,FMC
2015-09-28,32.5768,33.5681,31.3546,31.7491,2641599,FMC
2015-09-29,31.7491,32.5479,31.446,31.6914,2195886,FMC
2015-09-30,31.9994,32.9136,31.9946,32.6345,1980809,FMC
2015-10-01,32.7212,33.0099,32.3073,32.596,2160903,FMC
2015-10-02,32.1437,33.7413,32.0379,33.7317,1540270,FMC
2015-10-05,33.9626,34.9491,33.8953,34.4727,1851474,FMC
2015-10-06,34.4631,35.3908,34.3283,34.8769,2407634,FMC
2015-10-07,34.771,35.9837,34.6942,35.9259,2813457,FMC
2015-10-08,35.8104,37.7063,35.7334,37.2444,2850177,FMC
2015-10-09,37.3117,37.5812,36.5803,37.0327,1624579,FMC
2015-10-12,36.946,36.9845,35.7142,36.1184,1132700,FMC
2015-10-13,33.5007,35.2715,33.5007,34.9828,5934965,FMC
2015-10-14,34.8288,37.5523,34.6652,37.0904,3061312,FMC
2015-10-15,37.0519,37.3791,35.4158,36.6188,2799924,FMC
2015-10-16,36.7824,36.7824,36.1473,36.3782,1176605,FMC
2015-10-19,35.9259,36.7054,35.7334,36.051,1437750,FMC
2015-10-20,36.0029,36.7728,35.7719,36.1184,1854940,FMC
2015-10-21,36.205,36.205,34.9828,35.0405,2069395,FMC
2015-10-22,35.4736,36.2531,35.3677,35.9548,1623481,FMC
2015-10-23,36.3205,36.4552,35.9933,36.0895,1115871,FMC
2015-10-26,35.9837,36.2435,35.4543,35.5313,895735,FMC
2015-10-27,35.8874,35.8874,34.5401,34.925,1373333,FMC
2015-10-28,35.0694,36.1665,34.7999,36.1088,1730861,FMC
2015-10-29,35.6661,38.5147,35.0405,38.2741,4248059,FMC
2015-10-30,38.4185,39.9246,38.2837,39.1788,3771784,FMC
2015-11-02,39.2558,39.9583,39.2461,39.6311,2289673,FMC
2015-11-03,39.5252,40.5069,39.3039,39.814,1550982,FMC
2015-11-04,39.8428,40.8403,39.6792,39.9487,1291076,FMC
2015-11-05,39.7947,40.3721,39.6985,39.9102,1367535,FMC
2015-11-06,39.6118,39.9679,38.8997,39.4675,1101818,FMC
2015-11-09,39.3328,39.5926,38.5869,39.0729,969922,FMC
2015-11-10,38.9093,39.0537,38.2597,38.6495,693867,FMC
2015-11-11,38.6976,38.7938,37.9806,38.2645,766975,FMC
2015-11-12,37.7929,38.6398,37.5908,38.2549,1061447,FMC
2015-11-13,38.2356,39.5541,38.1442,39.0633,1007775,FMC
2015-11-16,39.044,40.0161,38.9671,39.9198,1222402,FMC
2015-11-17,39.9968,40.786,39.583,40.3433,1591262,FMC
2015-11-18,40.4684,41.7291,40.4491,41.4115,3215928,FMC
2015-11-19,41.2672,41.6617,40.9014,41.0073,698729,FMC
2015-11-20,41.1132,41.2383,40.247,40.3336,898356,FMC
2015-11-23,40.2567,40.7571,39.9391,40.324,997972,FMC
2015-11-24,40.2182,41.2094,39.8043,41.0458,1184543,FMC
2015-11-25,40.9303,41.4596,40.709,41.1228,728612,FMC
2015-11-27,40.9977,41.4115,40.3721,40.6031,259024,FMC
2015-11-30,40.7667,41.7384,40.632,41.3538,1501931,FMC
2015-12-01,41.5463,41.5463,40.0545,40.3914,1173545,FMC
2015-12-02,40.2759,41.2094,39.4579,39.5926,1499032,FMC
2015-12-03,39.7658,40.8726,39.6407,40.3433,1631605,FMC
2015-12-04,40.3529,41.0843,39.9198,40.8437,1146352,FMC
2015-12-07,40.5165,40.6127,39.4867,39.8524,1295064,FMC
2015-12-08,39.4482,39.6792,38.4859,38.5051,1524826,FMC
2015-12-09,38.8516,40.1315,38.6206,38.9671,1863407,FMC
2015-12-10,38.7649,39.0729,37.9084,37.995,1179270,FMC
2015-12-11,37.1,37.3502,36.4456,36.5803,1399157,FMC
2015-12-14,36.5515,36.5515,35.0598,35.6661,2257652,FMC
2015-12-15,36.0895,36.5322,35.8008,36.4648,1499887,FMC
2015-12-16,36.6092,37.3599,36.359,37.2251,1205648,FMC
2015-12-17,37.1674,37.2983,36.0029,36.128,1415103,FMC
2015-12-18,35.9452,36.9074,35.8489,36.5033,2243372,FMC
2015-12-21,36.7824,37.562,36.5033,36.8017,1221993,FMC
2015-12-22,37.0038,38.1202,36.869,37.7737,892500,FMC
2015-12-23,38.1971,39.6748,38.1298,39.2461,958552,FMC
2015-12-24,39.3135,39.4097,38.7649,39.0537,363400,FMC
2015-12-28,38.7938,38.9093,38.303,38.4281,710218,FMC
2015-12-29,38.7615,39.264,38.3363,39.0321,724251,FMC
2015-12-30,38.8098,39.1867,38.3363,38.3556,628128,FMC
2015-12-31,38.1624,38.5682,37.8145,37.8145,699493,FMC
2016-01-04,36.5388,36.8287,35.7464,36.7031,1749421,FMC
2016-01-05,36.7611,37.254,36.0846,36.3166,1413958,FMC
2016-01-06,35.6498,35.7416,34.5771,34.809,1450050,FMC
2016-01-07,34.3065,35.012,33.7267,34.5288,2157464,FMC
2016-01-08,34.7317,35.297,34.3935,34.4708,1548589,FMC
2016-01-11,34.6061,34.7607,33.6977,33.9779,1502993,FMC
2016-01-12,34.4901,34.6351,33.5044,34.3548,1266404,FMC
2016-01-13,34.4031,34.8042,32.9922,33.1758,1259863,FMC
2016-01-14,33.3015,34.3355,32.7023,34.1712,1478878,FMC
2016-01-15,33.1082,34.0552,33.0405,33.862,1453186,FMC
2016-01-19,34.2775,34.3258,32.8424,33.6397,1689733,FMC
2016-01-20,33.1758,33.8523,32.3254,33.6397,1700857,FMC
2016-01-21,33.4271,34.6157,33.4271,33.9296,1593656,FMC
2016-01-22,34.4418,34.9057,33.4271,34.0649,1731315,FMC
2016-01-25,33.7363,33.9199,32.4994,32.5187,949479,FMC
2016-01-26,32.8279,33.7943,32.6975,33.659,1250615,FMC
2016-01-27,33.4078,34.5674,33.2918,33.5431,1125448,FMC
2016-01-28,33.9199,34.0746,33.0357,33.4561,669691,FMC
2016-01-29,33.6783,34.5674,33.4271,34.5191,975184,FMC
2016-02-01,34.0649,34.5578,33.1866,34.4708,1101611,FMC
2016-02-02,34.0262,34.1422,33.1565,33.3691,1198977,FMC
2016-02-03,33.833,34.8767,32.8086,34.867,897001,FMC
2016-02-04,35.0506,37.9208,35.0216,36.3359,1917960,FMC
2016-02-05,36.2103,37.0027,35.5435,35.7077,1029099,FMC
2016-02-08,35.3019,35.3647,33.0985,33.775,1753030,FMC
2016-02-09,33.3884,33.9393,32.7023,33.3691,3426624,FMC
2016-02-10,33.659,34.5578,33.0115,33.0599,1297451,FMC
2016-02-11,32.3931,33.1952,31.1561,32.4027,2171040,FMC
2016-02-12,32.3931,33.9296,31.8132,33.862,1225143,FMC
2016-02-16,33.9296,35.6111,33.4078,35.5531,1995148,FMC
2016-02-17,35.9977,37.2926,35.8624,36.5872,1361629,FMC
2016-02-18,36.8094,36.8771,35.3309,35.843,1224737,FMC
2016-02-19,35.6884,35.6884,34.6544,34.7414,686211,FMC
2016-02-22,35.0893,36.5678,35.0216,36.5582,1290915,FMC
2016-02-23,36.2103,36.8384,35.1859,35.4082,936248,FMC
2016-02-24,34.8283,35.8914,34.4804,35.7464,684035,FMC
2016-02-25,35.7947,36.1426,35.0313,36.1233,643994,FMC
2016-02-26,36.4808,37.1477,36.2779,36.7804,940907,FMC
2016-02-29,36.7128,37.2153,36.3745,36.3745,1344832,FMC
2016-03-01,36.8287,37.2153,36.5485,37.0897,943332,FMC
2016-03-02,36.5195,37.1187,36.3117,36.7224,1332987,FMC
2016-03-03,36.5098,37.4182,36.2972,37.3119,1376516,FMC
2016-03-04,37.4859,40.443,37.3699,39.1191,2103488,FMC
2016-03-07,39.1481,40.3899,38.9548,39.438,1420953,FMC
2016-03-08,39.0128,39.2254,36.9254,37.4086,1531615,FMC
2016-03-09,37.6695,38.4474,37.6067,37.6308,1433922,FMC
2016-03-10,37.7855,38.4619,37.3192,37.8918,953969,FMC
2016-03-11,38.4619,39.2737,38.4619,38.8002,1204752,FMC
2016-03-14,38.5972,39.0804,38.317,38.7229,923766,FMC
2016-03-15,38.3363,38.5006,37.6115,37.8048,710934,FMC
2016-03-16,37.7468,38.9065,37.6985,38.8292,660740,FMC
2016-03-17,38.9258,40.1917,38.9016,39.9212,877243,FMC
2016-03-18,40.1531,40.5203,39.409,39.5153,1062073,FMC
2016-03-21,39.5346,40.2497,39.5249,39.9308,754427,FMC
2016-03-22,39.5443,40.5396,39.496,40.327,1138605,FMC
2016-03-23,40.0468,40.4237,39.8439,39.9985,1043458,FMC
2016-03-24,39.6312,39.8728,38.7518,39.1867,1288509,FMC
2016-03-28,39.2447,40.4044,38.8968,39.4766,1193725,FMC
2016-03-29,39.2389,39.8696,38.5597,39.8405,867388,FMC
2016-03-30,40.3256,40.7817,39.9763,40.0539,1373681,FMC
2016-03-31,40.0539,40.088,38.8314,39.171,1086432,FMC
2016-04-01,38.7246,39.1516,38.2492,39.0934,969404,FMC
2016-04-04,38.909,39.0254,37.7446,38.0357,1163880,FMC
2016-04-05,37.667,38.0551,36.9684,37.0266,1534308,FMC
2016-04-06,36.9102,37.1625,35.8234,36.7452,1545564,FMC
2016-04-07,36.59,36.59,35.6294,35.804,1414046,FMC
2016-04-08,36.2892,36.7937,36.066,36.3668,1173660,FMC
2016-04-11,36.6094,36.8714,36.1048,36.2795,1035953,FMC
2016-04-12,36.4153,37.046,36.2892,36.8714,787232,FMC
2016-04-13,37.3662,38.4675,37.2498,38.4433,1094091,FMC
2016-04-14,38.5985,38.6664,37.8611,38.3462,2376737,FMC
2016-04-15,38.4821,38.9866,38.2589,38.7149,1621952,FMC
2016-04-18,38.6664,39.0545,38.3559,38.9381,1333497,FMC
2016-04-19,39.1031,40.5682,38.9963,40.5682,1803867,FMC
2016-04-20,40.5585,41.8975,40.3741,41.5288,1639293,FMC
2016-04-21,41.1407,42.6058,41.1213,41.5288,2120552,FMC
2016-04-22,41.7229,42.3147,41.456,41.6744,941925,FMC
2016-04-25,41.5385,42.0916,41.2571,41.4027,994587,FMC
2016-04-26,41.49,42.0625,41.4027,41.9848,962711,FMC
2016-04-27,41.9169,43.0231,41.9072,42.7902,1252168,FMC
2016-04-28,42.2274,42.829,41.9984,42.2274,1121955,FMC
2016-04-29,42.0043,42.305,41.5094,41.9751,1563678,FMC
2016-05-02,41.9654,42.3439,41.4706,42.3244,1613874,FMC
2016-05-03,42.3244,46.0116,42.3244,45.9146,4246420,FMC
2016-05-04,45.7011,46.4094,45.2936,46.031,2115548,FMC
2016-05-05,46.4967,47.0207,46.0116,46.128,1928757,FMC
2016-05-06,46.0795,46.7587,45.9534,46.5744,1410431,FMC
2016-05-09,46.293,46.4385,45.1771,45.2159,1413451,FMC
2016-05-10,45.4003,45.9922,45.1092,45.7399,2811176,FMC
2016-05-11,45.7496,46.0795,45.5264,45.6041,1887017,FMC
2016-05-12,46.6326,47.1954,45.4682,45.5944,1970398,FMC
2016-05-13,45.5944,45.7593,44.6338,44.6338,1275459,FMC
2016-05-16,44.8957,45.8175,44.6968,45.6041,1960853,FMC
2016-05-17,45.5458,46.4761,45.4682,45.7496,2359673,FMC
2016-05-18,45.4294,45.8078,44.2359,44.2845,1893078,FMC
2016-05-19,44.0516,44.7211,43.5664,44.3524,1977812,FMC
2016-05-20,44.7405,45.6332,44.6823,45.1189,1626888,FMC
2016-05-23,45.1189,46.6811,45.017,46.031,2307508,FMC
2016-05-24,46.4288,46.5744,45.7399,45.9243,1867845,FMC
2016-05-25,46.1183,47.3603,45.9631,46.9431,2346180,FMC
2016-05-26,47.1371,47.3603,46.1765,46.4288,1314030,FMC
2016-05-27,46.3706,46.8072,46.1668,46.6908,841848,FMC
2016-05-31,46.7587,46.8557,46.0601,46.0795,1069299,FMC
2016-06-01,45.8854,46.293,44.8666,46.2736,1398545,FMC
2016-06-02,46.0795,46.6035,45.6235,46.5841,904197,FMC
2016-06-03,46.6714,47.5447,46.555,47.3991,1701299,FMC
2016-06-06,47.5932,48.515,47.4088,48.1948,1379395,FMC
2016-06-07,48.2627,48.7284,47.8843,48.253,1094527,FMC
2016-06-08,48.5538,49.068,48.2724,48.9516,2674582,FMC
2016-06-09,48.4761,49.0001,48.0385,48.8546,1882877,FMC
2016-06-10,48.1268,48.3209,47.108,48.1851,1260778,FMC
2016-06-13,48.0298,48.5344,46.9334,46.9528,1269442,FMC
2016-06-14,46.7199,47.2148,46.2056,46.7102,927397,FMC
2016-06-15,47.011,47.8066,46.7102,47.1371,814337,FMC
2016-06-16,46.7102,47.5738,46.031,47.5447,889916,FMC
2016-06-17,47.7387,47.991,46.7878,46.8557,1795144,FMC
2016-06-20,47.5058,48.4664,47.1177,47.1759,1811570,FMC
2016-06-21,47.1759,47.1759,46.3415,46.7975,1664282,FMC
2016-06-22,47.0401,47.9522,46.9819,47.2827,1502396,FMC
2016-06-23,47.7581,48.1365,47.5058,47.8357,1651595,FMC
2016-06-24,46.1086,46.6326,43.6441,43.7799,1876581,FMC
2016-06-27,43.3627,43.3627,40.5585,40.9569,2402415,FMC
2016-06-28,41.8385,42.7055,41.5073,42.6276,1912101,FMC
2016-06-29,43.29,44.4005,43.1244,44.1764,1342259,FMC
2016-06-30,44.3323,45.1116,43.592,45.1116,1327162,FMC
2016-07-01,45.0142,45.9298,44.6927,44.868,1132229,FMC
2016-07-05,44.5563,44.5563,43.3728,43.5432,1604196,FMC
2016-07-06,43.3094,43.4069,42.1405,43.0172,2541408,FMC
2016-07-07,43.2997,44.2738,43.2413,43.6406,768058,FMC
2016-07-08,44.2543,45.4233,44.2543,45.2772,1023303,FMC
2016-07-11,45.4915,45.9104,45.1992,45.2187,761931,FMC
2016-07-12,45.7837,47.1865,45.7837,46.8358,1248453,FMC
2016-07-13,47.0403,47.1962,46.4705,47.0403,1182677,FMC
2016-07-14,47.654,47.917,47.1085,47.3813,1074338,FMC
2016-07-15,47.4787,47.8489,47.1767,47.5956,958422,FMC
2016-07-18,47.4008,47.7514,46.7198,47.7125,728746,FMC
2016-07-19,47.5469,47.732,47.089,47.167,1176555,FMC
2016-07-20,47.1962,47.4786,46.8553,47.4202,1517229,FMC
2016-07-21,47.3033,47.4982,46.4656,46.7481,723786,FMC
2016-07-22,46.6215,47.2644,46.3578,46.8845,652802,FMC
2016-07-25,46.8747,47.0793,46.4412,46.7091,1088102,FMC
2016-07-26,46.826,47.6443,46.7091,47.5371,1187458,FMC
2016-07-27,47.5079,47.7407,46.5094,46.9721,818420,FMC
2016-07-28,46.7968,47.089,46.2318,46.8163,659491,FMC
2016-07-29,46.5533,46.5533,45.5889,46.3097,1061391,FMC
2016-08-01,46.261,46.3097,45.3941,46.037,922544,FMC
2016-08-02,46.0272,46.1052,45.0142,45.4428,1103084,FMC
2016-08-03,45.2869,47.5858,44.4589,46.9527,2193649,FMC
2016-08-04,46.904,47.3131,46.6604,47.1377,1205194,FMC
2016-08-05,47.5274,47.6151,46.9527,47.0014,930563,FMC
2016-08-08,47.128,47.5011,46.8845,47.1962,663406,FMC
2016-08-09,47.3423,47.4105,46.5679,46.6799,864072,FMC
2016-08-10,46.9137,47.0696,46.4072,46.6409,495073,FMC
2016-08-11,46.7773,47.2254,46.5435,47.0988,754916,FMC
2016-08-12,46.865,47.1767,46.2708,46.4169,1095121,FMC
2016-08-15,46.7091,47.3228,46.4656,47.0403,851425,FMC
2016-08-16,47.1767,47.43,46.2416,46.3,816088,FMC
2016-08-17,46.2903,46.3584,45.2674,45.7837,990966,FMC
2016-08-18,45.8714,46.4461,45.8032,46.3195,540432,FMC
2016-08-19,46.0272,46.6653,45.8568,46.5728,767277,FMC
2016-08-22,46.3584,46.5922,46.0662,46.3487,535469,FMC
2016-08-23,46.8065,47.2449,46.7676,46.9429,529744,FMC
2016-08-24,46.7773,46.8747,45.6766,45.7935,601537,FMC
2016-08-25,45.7935,46.2902,45.7837,45.9493,608836,FMC
2016-08-26,46.2903,46.4364,45.1798,45.3551,958179,FMC
2016-08-29,45.3064,46.2123,45.3064,46.0078,1198791,FMC
2016-08-30,46.0175,46.9527,45.9785,46.1734,849450,FMC
2016-08-31,45.9298,45.9298,45.1213,45.7253,908287,FMC
2016-09-01,45.7837,45.9234,45.1018,45.4915,695162,FMC
2016-09-02,45.9883,46.3195,45.7448,46.2805,750333,FMC
2016-09-06,46.3584,46.563,45.3161,45.5012,522187,FMC
2016-09-07,45.2772,45.8129,45.1846,45.696,595335,FMC
2016-09-08,45.696,46.1831,45.3161,46.1636,1072278,FMC
2016-09-09,45.7642,46.0078,43.4069,43.6991,1581113,FMC
2016-09-12,43.3776,44.9752,43.251,44.9167,970933,FMC
2016-09-13,44.2641,44.6878,43.4848,43.7575,1235623,FMC
2016-09-14,43.9134,45.2967,43.6504,45.2967,1894692,FMC
2016-09-15,44.9265,46.2903,44.8388,46.2026,1738794,FMC
2016-09-16,45.7253,46.9916,45.7253,46.5533,3597526,FMC
2016-09-19,47.0306,47.0988,46.5046,46.5435,1071178,FMC
2016-09-20,46.8553,47.0111,46.1052,46.1149,808934,FMC
2016-09-21,46.5922,47.43,46.4763,47.3228,745616,FMC
2016-09-22,47.654,47.8586,47.4982,47.6345,542480,FMC
2016-09-23,47.3618,47.732,47.0793,47.3326,736008,FMC
2016-09-26,47.2546,47.5079,46.7481,46.7871,531575,FMC
2016-09-27,46.563,47.1767,46.5046,47.0988,757962,FMC
2016-09-28,47.1232,47.5093,46.5368,47.4458,1178765,FMC
2016-09-29,47.1819,47.7879,46.9864,47.1526,795792,FMC
2016-09-30,47.4653,48.0029,47.221,47.2503,765517,FMC
2016-10-03,47.1232,47.2503,46.5564,47.0255,602472,FMC
2016-10-04,47.0059,47.2308,46.048,46.1556,669929,FMC
2016-10-05,46.615,47.2796,46.2386,46.7029,650575,FMC
2016-10-06,46.5172,47.0548,46.4977,46.9668,543209,FMC
2016-10-07,47.2014,47.2796,46.3022,46.6247,648091,FMC
2016-10-10,47.1526,47.5924,46.7323,46.7616,336793,FMC
2016-10-11,46.3999,46.5368,45.7939,46.1849,552200,FMC
2016-10-12,46.1849,46.2533,45.8721,45.9503,593208,FMC
2016-10-13,45.354,45.5495,44.7382,45.3149,1070023,FMC
2016-10-14,45.7646,46.351,45.5104,45.5104,895558,FMC
2016-10-17,46.527,46.527,45.3247,45.3638,1182863,FMC
2016-10-18,45.9405,46.4292,45.6668,46.1556,1151035,FMC
2016-10-19,46.3217,46.9864,45.9503,46.8398,490912,FMC
2016-10-20,46.527,47.2308,46.4341,47.0059,460400,FMC
2016-10-21,46.4683,46.7029,46.1458,46.3804,607748,FMC
2016-10-24,46.7029,46.8398,46.3901,46.7713,655061,FMC
2016-10-25,46.6736,46.8202,46.0676,46.2728,601432,FMC
2016-10-26,45.9894,46.4488,45.7939,46.1067,664856,FMC
2016-10-27,46.3119,46.351,45.53,45.9307,546056,FMC
2016-10-28,45.9992,46.4879,45.6082,46.0871,600943,FMC
2016-10-31,46.3217,46.4879,45.7939,45.833,567815,FMC
2016-11-01,46.1751,46.2337,45.1781,46.136,1125466,FMC
2016-11-02,45.9307,46.0871,44.8751,45.051,970488,FMC
2016-11-03,47.2796,50.1925,47.2796,49.7819,2500612,FMC
2016-11-04,49.9676,52.1962,49.8503,51.2774,3108815,FMC
2016-11-07,52.2353,52.7143,51.7662,52.382,1652524,FMC
2016-11-08,52.0105,52.7241,51.9128,52.1571,2229789,FMC
2016-11-09,51.3263,53.1346,51.0722,53.0271,2200329,FMC
2016-11-10,54.2587,54.2978,52.597,52.8805,2426357,FMC
2016-11-11,52.7436,52.9587,51.1015,51.209,1549498,FMC
2016-11-14,51.512,51.7662,51.0624,51.5707,1575022,FMC
2016-11-15,52.0398,52.8023,51.253,52.7827,1312849,FMC
2016-11-16,52.812,52.9196,52.1083,52.294,779468,FMC
2016-11-17,52.5384,52.9,52.1669,52.5872,656784,FMC
2016-11-18,52.4602,52.9489,52.4211,52.8023,1059939,FMC
2016-11-21,54.376,54.376,53.0857,53.2323,692591,FMC
2016-11-22,53.506,53.7504,52.7045,53.3203,677515,FMC
2016-11-23,53.2519,54.2782,52.9978,54.0436,965422,FMC
2016-11-25,54.0436,54.2294,53.6918,53.8677,226713,FMC
2016-11-28,54.3564,54.4346,53.7797,53.897,933919,FMC
2016-11-29,53.6527,54.3945,53.5158,53.5647,854537,FMC
2016-11-30,53.9263,54.9576,53.5647,54.8549,1046274,FMC
2016-12-01,55.3241,55.6271,54.8061,55.07,1321960,FMC
2016-12-02,54.9722,55.8226,54.6301,55.2557,804780,FMC
2016-12-05,55.7542,56.0572,55.4121,55.6271,863833,FMC
2016-12-06,55.3437,55.6858,54.5324,55.3632,1219201,FMC
2016-12-07,55.4903,56.9467,55.4903,56.9076,830969,FMC
2016-12-08,57.0738,57.7189,56.9174,57.67,528933,FMC
2016-12-09,57.6505,57.973,56.976,57.4843,551307,FMC
2016-12-12,58.1587,58.6475,57.4012,57.4452,879184,FMC
2016-12-13,57.7189,57.9926,56.7316,56.761,755428,FMC
2016-12-14,56.4971,56.8001,55.8324,55.9888,703312,FMC
2016-12-15,55.7933,57.0053,55.5295,56.976,691439,FMC
2016-12-16,56.9369,57.2497,56.0474,56.1843,1301196,FMC
2016-12-19,56.0474,56.5166,55.6173,55.8519,645404,FMC
2016-12-20,55.9692,56.1158,55.3925,55.7346,504206,FMC
2016-12-21,55.8324,56.282,55.4707,55.891,481118,FMC
2016-12-22,55.7542,55.8813,55.1091,55.6955,444102,FMC
2016-12-23,55.676,55.7532,55.1091,55.4121,408271,FMC
2016-12-27,55.5978,56.1256,55.5,56.0279,821539,FMC
2016-12-28,56.5425,56.6602,55.4838,55.5427,407359,FMC
2016-12-29,55.6799,56.1503,55.2388,55.6407,456537,FMC
2016-12-30,55.8269,56.1699,55.2388,55.4446,595358,FMC
2017-01-03,56.1014,56.621,55.3074,55.9054,690124,FMC
2017-01-04,56.2092,57.1503,56.1014,57.0621,698077,FMC
2017-01-05,56.9052,58.013,56.7778,57.2778,794897,FMC
2017-01-06,57.317,57.6111,56.9052,57.1699,669495,FMC
2017-01-09,57.1405,57.6209,56.7092,56.8072,623359,FMC
2017-01-10,56.9445,57.1307,56.2681,56.5622,743161,FMC
2017-01-11,56.6798,57.5816,56.4445,57.5718,797959,FMC
2017-01-12,57.7581,58.1796,57.0327,58.1208,779282,FMC
2017-01-13,58.1894,58.3757,57.9345,58.1012,747783,FMC
2017-01-17,58.1306,58.2874,57.2974,57.5914,535584,FMC
2017-01-18,57.6699,58.1502,57.3072,57.3954,515419,FMC
2017-01-19,58.1012,58.4541,57.7875,58.1698,940055,FMC
2017-01-20,58.4345,59.7775,58.3267,59.1207,2404475,FMC
2017-01-23,58.8364,59.6108,58.8168,59.5422,899858,FMC
2017-01-24,59.7383,61.042,59.5422,60.4147,1832039,FMC
2017-01-25,60.7774,61.2871,60.4245,61.1401,915196,FMC
2017-01-26,61.2773,61.6008,60.5715,60.9244,1163691,FMC
2017-01-27,60.8852,61.1303,60.2774,60.5323,809075,FMC
2017-01-30,60.3754,60.3754,58.7188,59.3069,1260648,FMC
2017-01-31,59.2481,59.6108,58.7384,58.9736,1096006,FMC
2017-02-01,59.1893,59.65,58.6992,59.405,820204,FMC
2017-02-02,59.4148,59.7138,58.6796,59.2873,779334,FMC
2017-02-03,59.4638,59.7089,58.8756,59.1109,947207,FMC
2017-02-06,59.1109,59.6794,58.709,59.4736,1504722,FMC
2017-02-07,57.1699,58.3169,55.5427,55.9054,3778070,FMC
2017-02-08,56.9249,56.9249,55.4152,56.1112,1899495,FMC
2017-02-09,56.4641,56.7484,55.9348,56.1602,1127815,FMC
2017-02-10,56.5229,56.7974,55.9544,56.6994,1600232,FMC
2017-02-13,57.0131,58.1404,57.0131,57.5914,1502155,FMC
2017-02-14,57.2582,57.7091,56.7386,56.9151,1372280,FMC
2017-02-15,56.6014,57.3856,56.4935,56.7582,1464712,FMC
2017-02-16,56.7876,57.4852,56.4837,56.6896,1259382,FMC
2017-02-17,56.8562,57.3072,56.4543,57.0817,2525877,FMC
2017-02-21,57.2091,57.5632,56.5327,56.768,1336002,FMC
2017-02-22,56.4935,57.5816,56.4249,57.2876,2570515,FMC
2017-02-23,57.6699,57.9345,56.6308,56.8464,1138549,FMC
2017-02-24,56.4445,57.0229,56.1906,56.9837,1136335,FMC
2017-02-27,56.9543,57.1307,56.3759,56.4935,504485,FMC
2017-02-28,56.3269,56.9739,56.1602,56.4837,1036407,FMC
2017-03-01,57.2385,58.6207,57.1454,58.0522,1783658,FMC
2017-03-02,57.8757,58.4933,57.8365,58.2776,1521369,FMC
2017-03-03,58.3659,58.6011,57.8855,58.111,1133378,FMC
2017-03-06,57.8071,58.1404,57.3562,57.9836,1126063,FMC
2017-03-07,57.8659,58.3463,57.4542,57.9247,1360413,FMC
2017-03-08,57.8855,58.1012,57.1209,57.1601,1239755,FMC
2017-03-09,57.3366,58.258,57.3366,57.6699,1765317,FMC
2017-03-10,58.1992,58.9736,57.9443,58.8658,1032301,FMC
2017-03-13,58.9834,59.3756,58.6403,59.1697,810472,FMC
2017-03-14,58.6796,59.0325,58.2678,58.4051,655228,FMC
2017-03-15,58.8364,59.3559,58.4051,59.2089,856476,FMC
2017-03-16,59.3952,59.5618,58.7923,59.1991,1069187,FMC
2017-03-17,59.3952,60.395,59.3167,59.9833,1393311,FMC
2017-03-20,59.9931,60.4245,59.4942,60.15,658595,FMC
2017-03-21,60.15,60.3166,58.2972,58.4247,820527,FMC
2017-03-22,58.3267,60.1206,58.0914,60.0127,2581448,FMC
2017-03-23,59.405,60.8068,59.0913,60.3362,1733078,FMC
2017-03-24,60.3754,60.7872,59.6108,59.9441,1049153,FMC
2017-03-27,59.1697,60.3362,58.8266,60.2382,681904,FMC
2017-03-28,60.0225,60.846,59.8363,60.5911,1179419,FMC
2017-03-29,60.4486,60.8614,60.2815,60.3306,562854,FMC
2017-03-30,60.2028,61.0383,60.2028,60.4486,641598,FMC
2017-03-31,70.4054,70.8084,68.0562,68.4002,14122220,FMC
2017-04-03,69.7861,70.425,68.6165,69.1767,4719599,FMC
2017-04-04,69.4028,70.2186,69.2554,70.1596,3108739,FMC
2017-04-05,70.3759,71.4871,70.2579,70.6216,2140800,FMC
2017-04-06,70.7395,71.7814,70.2579,71.7519,1461767,FMC
2017-04-07,71.3391,74.6318,71.3391,73.9536,4166096,FMC
2017-04-10,73.816,74.1699,73.3197,73.9438,3068269,FMC
2017-04-11,73.8357,74.2092,73.2361,74.0913,2242699,FMC
2017-04-12,73.6293,73.9438,71.3883,71.6438,2672554,FMC
2017-04-13,71.5259,72.0173,70.828,71.3195,1930377,FMC
2017-04-17,71.4374,72.2336,71.2212,72.2237,1615496,FMC
2017-04-18,71.8207,73.2754,71.8109,72.5874,1557785,FMC
2017-04-19,72.6169,72.8823,71.9387,72.2336,1461797,FMC
2017-04-20,72.44,72.7152,71.9043,72.1549,1112667,FMC
2017-04-21,72.3024,72.6857,71.3981,71.4276,1521266,FMC
2017-04-24,71.9977,72.5088,71.4178,72.3908,1429182,FMC
2017-04-25,72.4301,73.0101,72.3613,72.4793,1145101,FMC
2017-04-26,72.3319,72.553,71.8502,72.2434,1545654,FMC
2017-04-27,71.7519,72.7742,71.0148,72.2729,1767299,FMC
2017-04-28,72.4793,72.4793,71.5799,71.978,590520,FMC
2017-05-01,72.096,72.9019,71.8404,72.2532,1047059,FMC
2017-05-02,72.1058,72.9216,71.9977,72.5088,1163052,FMC
2017-05-03,72.3712,73.1182,69.4618,70.081,3932658,FMC
2017-05-04,69.8746,70.0515,68.7344,69.5208,2365284,FMC
2017-05-05,69.6682,72.0665,69.2554,72.037,1990998,FMC
2017-05-08,71.231,72.037,70.6561,71.6045,1224434,FMC
2017-05-09,71.7028,71.9878,71.2408,71.3588,1034036,FMC
2017-05-10,71.5357,73.0101,71.3391,72.8233,1679094,FMC
2017-05-11,72.6857,72.9314,71.4472,72.2827,951011,FMC
2017-05-12,71.634,72.4007,71.4571,71.5062,731444,FMC
2017-05-15,72.8036,73.9831,72.8036,73.5703,1656645,FMC
2017-05-16,73.8848,74.7203,73.5015,74.3763,1565960,FMC
2017-05-17,73.531,73.6391,72.4203,72.4498,1615260,FMC
2017-05-18,70.2678,71.3932,68.7435,71.1032,1871229,FMC
2017-05-19,71.634,73.7767,71.5062,73.0395,1546888,FMC
2017-05-22,73.4327,73.7767,72.3024,73.3148,858731,FMC
2017-05-23,73.4229,73.7177,72.5383,73.246,1268881,FMC
2017-05-24,73.5605,74.0224,72.9511,73.3836,649724,FMC
2017-05-25,73.6981,74.1011,73.2754,74.0323,681323,FMC
2017-05-26,73.993,74.3271,73.8652,73.9635,685195,FMC
2017-05-30,73.9242,74.4058,73.5015,73.7177,549302,FMC
2017-05-31,73.6489,74.2387,73.0592,74.0814,1977355,FMC
2017-06-01,74.1601,75.369,73.9045,74.8284,897260,FMC
2017-06-02,74.7203,75.3002,74.4844,75.1626,755437,FMC
2017-06-05,74.8284,75.2806,74.4353,74.5139,500748,FMC
2017-06-06,74.3173,74.8088,73.816,74.7006,1194497,FMC
2017-06-07,74.8874,75.084,74.0323,74.8874,983465,FMC
2017-06-08,74.7793,75.2806,74.5336,74.9464,967627,FMC
2017-06-09,74.9562,76.0571,74.7596,75.3101,707264,FMC
2017-06-12,75.1331,75.6934,74.0224,74.1306,851295,FMC
2017-06-13,74.2583,75.487,73.9831,75.4575,1306880,FMC
2017-06-14,75.5951,75.6098,74.219,74.5237,1513131,FMC
2017-06-15,73.7177,74.5532,73.1968,74.5237,1282478,FMC
2017-06-16,74.7105,75.2707,74.1797,74.8481,1772468,FMC
2017-06-19,75.1626,75.6737,74.2878,74.3173,1681705,FMC
2017-06-20,73.9635,74.8776,73.9635,74.5336,959986,FMC
2017-06-21,74.6024,75.0348,74.2485,74.2977,1067526,FMC
2017-06-22,74.3075,74.681,72.9806,72.9904,716546,FMC
2017-06-23,72.7545,73.9045,72.1205,73.5015,1135108,FMC
2017-06-26,73.8947,74.1306,73.3148,73.4917,477568,FMC
2017-06-27,73.8652,74.1404,72.7447,72.7447,534702,FMC
2017-06-28,73.183,74.2962,73.0845,73.9021,510416,FMC
2017-06-29,73.8923,73.9711,71.528,72.2669,994490,FMC
2017-06-30,71.5379,72.6215,70.3656,71.9615,3335164,FMC
2017-07-03,72.523,72.7299,71.5674,72.4737,551592,FMC
2017-07-05,72.5525,72.8579,71.7349,72.454,922494,FMC
2017-07-06,72.1388,72.7988,71.7546,72.5033,743465,FMC
2017-07-07,72.7397,73.8135,72.4639,73.4785,682479,FMC
2017-07-10,73.2421,75.3404,72.9367,74.7395,1052674,FMC
2017-07-11,74.4341,74.4636,72.8284,73.1239,1308302,FMC
2017-07-12,73.8529,74.5326,73.7544,74.4045,793092,FMC
2017-07-13,74.769,75.9019,74.2765,75.6852,1402243,FMC
2017-07-14,75.8428,76.0694,75.2517,75.3502,894203,FMC
2017-07-17,75.3108,76.0299,75.3108,75.6359,738957,FMC
2017-07-18,75.0153,75.3404,74.7198,74.8675,661522,FMC
2017-07-19,74.9365,75.3502,74.7493,75.0448,731865,FMC
2017-07-20,75.035,75.1828,74.2814,74.6607,435798,FMC
2017-07-21,74.7099,75.0547,74.3651,74.9266,454821,FMC
2017-07-24,74.8675,76.0595,74.8183,75.6556,649068,FMC
2017-07-25,76.1285,76.9559,75.6299,76.8279,847993,FMC
2017-07-26,76.9067,77.1333,75.7738,75.8526,748603,FMC
2017-07-27,76.1088,76.621,74.6508,75.4881,487565,FMC
2017-07-28,75.6753,76.1383,74.8882,75.5078,588905,FMC
2017-07-31,75.8526,76.0299,74.9168,75.2419,706229,FMC
2017-08-01,75.5177,76.2959,74.6311,76.1974,1072165,FMC
2017-08-02,80.3939,82.8862,79.4384,82.6006,4997914,FMC
2017-08-03,82.5907,83.7925,81.7435,82.0982,2496943,FMC
2017-08-04,82.8271,83.2211,81.8322,83.0931,1097534,FMC
2017-08-07,83.566,83.8319,82.837,83.3394,1205446,FMC
2017-08-08,83.0242,83.6349,82.6007,83.1128,1191507,FMC
2017-08-09,83.1522,83.7334,82.8567,83.3492,1263916,FMC
2017-08-10,82.9946,83.4477,81.7238,81.8125,1164788,FMC
2017-08-11,81.7632,82.6006,81.2805,81.4972,774942,FMC
2017-08-14,81.9405,82.6794,81.5662,82.108,777438,FMC
2017-08-15,82.1376,83.5561,81.7731,83.3,920809,FMC
2017-08-16,83.4674,83.9009,83.2507,83.4773,1083425,FMC
2017-08-17,83.3788,83.5955,81.4775,81.5465,1061898,FMC
2017-08-18,81.4381,82.0686,80.719,81.3987,885445,FMC
2017-08-21,81.4283,82.3247,81.3396,82.2164,428427,FMC
2017-08-22,82.571,83.428,82.4035,83.2015,571440,FMC
2017-08-23,82.9552,83.3,82.9503,83.1621,584302,FMC
2017-08-24,83.4477,83.6251,82.4331,82.8567,796227,FMC
2017-08-25,83.6645,83.7334,83.0143,83.0439,588858,FMC
2017-08-28,83.0931,83.5463,82.8271,83.2803,542004,FMC
2017-08-29,82.7286,83.2409,82.3001,83.1719,633195,FMC
2017-08-30,82.9256,83.2951,82.7976,83.2212,591496,FMC
2017-08-31,86.866,86.8759,84.5708,84.9352,2516511,FMC
2017-09-01,85.3884,86.2651,84.7481,86.1075,1056872,FMC
2017-09-05,86.2947,86.738,84.2949,84.3442,782259,FMC
2017-09-06,84.8269,85.1815,84.1373,85.014,927640,FMC
2017-09-07,85.3391,86.5114,84.886,86.3538,860293,FMC
2017-09-08,86.0287,86.4227,85.5263,85.8415,774829,FMC
2017-09-11,86.6887,88.8658,86.4917,87.6443,1477050,FMC
2017-09-12,88.3831,89.3288,87.4079,88.3634,1170578,FMC
2017-09-13,88.324,88.6491,87.792,88.3043,853398,FMC
2017-09-14,88.1664,88.6589,87.9152,88.4717,2113344,FMC
2017-09-15,88.3634,88.5604,87.4472,88.2255,1362888,FMC
2017-09-18,88.5604,90.5011,88.521,89.9987,1537848,FMC
2017-09-19,90.304,91.0232,89.5339,90.767,1578737,FMC
2017-09-20,91.4566,92.0477,89.841,90.5799,1273730,FMC
2017-09-21,90.3533,90.6587,89.0136,89.0924,1234207,FMC
2017-09-22,89.5258,90.5109,87.8019,88.6097,1300882,FMC
2017-09-25,88.4028,88.6491,84.4919,84.7284,2605322,FMC
2017-09-26,85.0732,86.2356,84.2161,84.4328,1354117,FMC
2017-09-27,85.152,86.7774,84.6102,85.8908,1093365,FMC
2017-09-28,86.2214,87.3959,86.0832,86.8136,1079767,FMC
2017-09-29,87.1393,88.5704,86.4879,88.146,1250700,FMC
2017-10-02,88.146,88.6197,86.8827,87.692,1051133,FMC
2017-10-03,87.9288,89.4093,87.6722,89.1329,1376926,FMC
2017-10-04,89.3205,89.8732,88.7579,89.7745,1302252,FMC
2017-10-05,90.2186,90.6331,89.7054,90.5246,1056129,FMC
2017-10-06,89.8534,90.2581,88.6395,89.9719,1055322,FMC
2017-10-09,90.1495,90.3666,89.2218,89.5771,458893,FMC
2017-10-10,89.6856,89.8436,88.9849,89.4981,675825,FMC
2017-10-11,90.1199,91.3733,90.0804,91.2253,802460,FMC
2017-10-12,90.9884,92.0543,90.6726,91.7188,934782,FMC
2017-10-13,92.459,93.1894,92.1037,92.4985,1045987,FMC
2017-10-16,92.6959,93.8309,92.4294,93.7717,1107613,FMC
2017-10-17,93.6138,93.6138,92.8539,93.1894,962466,FMC
2017-10-18,93.2881,93.8408,92.7551,92.8341,871849,FMC
2017-10-19,92.5281,93.0709,91.4523,92.8933,758084,FMC
2017-10-20,93.4164,93.5743,92.7255,93.3177,832994,FMC
2017-10-23,93.7322,93.8013,92.8045,92.9821,642927,FMC
2017-10-24,93.0611,93.5644,92.6771,92.9426,716956,FMC
2017-10-25,92.7946,93.2782,90.9095,92.0445,874318,FMC
2017-10-26,92.6465,92.7748,91.4424,91.9261,730344,FMC
2017-10-27,91.9754,92.3504,90.3963,91.3043,944051,FMC
2017-10-30,91.3043,91.6892,90.7318,91.1463,1080229,FMC
2017-10-31,91.2648,92.1234,91.245,91.6497,997560,FMC
2017-11-01,92.6169,92.686,90.0607,90.7022,1282058,FMC
2017-11-02,90.4555,90.7812,86.478,88.975,1914082,FMC
2017-11-03,88.827,90.0607,88.2348,89.9225,1532397,FMC
2017-11-06,90.1298,90.643,89.207,89.7745,1428601,FMC
2017-11-07,90.2679,93.3275,90.2581,92.2912,2484969,FMC
2017-11-08,92.3603,93.6335,91.9162,92.0247,1407565,FMC
2017-11-09,91.3437,91.7681,90.6331,90.9588,1127347,FMC
2017-11-10,90.7121,92.0445,90.7121,92.005,733667,FMC
2017-11-13,91.7385,94.0085,91.25,93.6434,1419383,FMC
2017-11-14,92.8834,93.2683,91.3043,91.7977,1471264,FMC
2017-11-15,91.2944,91.403,88.827,90.9193,1445572,FMC
2017-11-16,91.1069,92.6169,90.6825,92.1037,1002690,FMC
2017-11-17,92.3307,92.5972,91.551,91.7287,800093,FMC
2017-11-20,91.7681,92.1925,91.3536,91.4622,865515,FMC
2017-11-21,92.084,93.2881,91.63,93.1894,711221,FMC
2017-11-22,93.446,93.5052,91.857,91.9557,458130,FMC
2017-11-24,92.6071,93.4657,92.4097,93.3769,427651,FMC
2017-11-27,93.3769,93.9888,92.4886,92.5873,901287,FMC
2017-11-28,92.8143,93.3078,91.7987,93.2683,701345,FMC
2017-11-29,93.0315,93.3572,90.8799,91.9951,1062545,FMC
2017-11-30,92.1629,93.7026,91.9951,93.1696,1152818,FMC
2017-12-01,93.2683,93.7026,90.8108,92.7058,1335271,FMC
2017-12-04,93.4164,93.7322,90.2285,90.2778,1350621,FMC
2017-12-05,90.0706,90.5443,88.0869,88.6789,1141524,FMC
2017-12-06,88.2644,88.8566,86.8136,86.8432,1307105,FMC
2017-12-07,86.5372,88.2151,86.4188,87.0998,1345882,FMC
2017-12-08,87.8005,89.0638,87.4156,87.6525,1008370,FMC
2017-12-11,87.8203,88.7974,87.7117,88.4717,934587,FMC
2017-12-12,88.4717,89.4784,88.0078,88.975,760949,FMC
2017-12-13,88.975,89.9521,88.6,89.5277,915354,FMC
2017-12-14,89.6166,90.2285,88.4125,88.6888,1064167,FMC
2017-12-15,89.6363,91.3339,89.3895,90.9983,2635699,FMC
2017-12-18,92.0346,92.8735,91.4918,92.7255,1261145,FMC
2017-12-19,93.1203,93.9592,92.538,93.2387,1098192,FMC
2017-12-20,93.7519,94.5307,92.9426,93.6829,652832,FMC
2017-12-21,94.2454,94.4626,93.5447,93.9,710216,FMC
2017-12-22,94.201,94.2652,93.5151,94.2158,445857,FMC
2017-12-26,94.5119,94.7685,93.8408,94.2948,490913,FMC
2017-12-27,94.4329,94.5909,93.5447,93.5644,730281,FMC
2017-12-28,93.5793,93.9748,93.342,93.9253,528816,FMC
2017-12-29,94.1923,94.6224,93.5694,93.5892,647413,FMC
2018-01-02,94.301,94.8646,94.0143,94.6471,1181263,FMC
2018-01-03,94.8448,95.9719,94.2615,95.8632,946096,FMC
2018-01-04,96.4959,97.5736,96.0115,96.3476,1021049,FMC
2018-01-05,96.8617,97.366,96.1993,96.9705,1120496,FMC
2018-01-08,97.3857,97.534,96.3081,97.0595,773478,FMC
2018-01-09,97.2572,97.5736,96.7184,97.0199,809107,FMC
2018-01-10,96.6838,97.4549,95.8335,96.4168,741811,FMC
2018-01-11,96.6838,96.9606,95.9225,96.7728,945027,FMC
2018-01-12,97.5835,97.5835,96.1499,96.7728,679403,FMC
2018-01-16,97.1781,97.4352,93.4508,93.9056,1048085,FMC
2018-01-17,94.7361,94.7361,92.4522,92.7982,1333608,FMC
2018-01-18,88.9325,89.9508,86.1147,89.15,5214582,FMC
2018-01-19,89.931,90.1387,88.2602,88.8435,2133027,FMC
2018-01-22,88.7051,89.407,88.4579,88.8336,1926233,FMC
2018-01-23,88.883,89.1302,87.6472,87.8746,1473921,FMC
2018-01-24,88.3195,88.9621,87.4148,88.7149,1818272,FMC
2018-01-25,89.2291,92.116,89.1796,90.9296,1364131,FMC
2018-01-26,91.1669,91.8491,90.5045,90.9889,964827,FMC
2018-01-29,90.544,90.8505,89.2884,90.3364,957063,FMC
2018-01-30,89.5158,91.1076,89.2291,90.5045,1536037,FMC
2018-01-31,90.9988,91.5624,89.7827,90.2968,1028545,FMC
2018-02-01,89.9409,90.5935,87.9438,88.2107,995455,FMC
2018-02-02,87.4989,87.7263,84.602,84.7503,1778954,FMC
2018-02-05,84.0978,86.3421,81.8337,82.1501,1956357,FMC
2018-02-06,80.4001,84.424,79.7673,84.0286,1702407,FMC
2018-02-07,83.9099,84.9876,82.8125,83.0201,905383,FMC
2018-02-08,83.119,84.0582,79.8959,79.9552,1319099,FMC
2018-02-09,80.8845,82.3577,78.7193,81.7447,1425824,FMC
2018-02-12,82.8718,84.7602,82.0413,84.256,2411423,FMC
2018-02-13,85.0568,85.8841,80.845,80.934,2918423,FMC
2018-02-14,81.1218,84.9876,80.6176,84.2955,2156996,FMC
2018-02-15,85.9367,86.5102,83.6331,84.2757,1235901,FMC
2018-02-16,84.078,84.1274,82.2292,82.4071,1297350,FMC
2018-02-20,82.2984,83.5738,82.1204,82.6049,991719,FMC
2018-02-21,82.6049,82.8619,81.1811,81.191,1448242,FMC
2018-02-22,81.893,83.1388,81.2702,82.595,1083434,FMC
2018-02-23,83.1091,84.78,83.0399,84.7503,1240617,FMC
2018-02-26,84.7108,84.7305,80.0343,82.7037,2139480,FMC
2018-02-27,82.8224,83.6677,81.6162,81.6557,1327824,FMC
2018-02-28,82.2292,82.8421,77.5922,77.5922,2697057,FMC
2018-03-01,77.5922,78.0173,75.7038,77.7504,3407784,FMC
2018-03-02,77.523,79.273,76.475,78.749,2127961,FMC
2018-03-05,78.2151,80.4001,77.9778,79.8168,1526017,FMC
2018-03-06,80.4199,81.8238,80.0046,81.4876,1730846,FMC
2018-03-07,80.6077,82.1105,80.1926,81.8535,1196507,FMC
2018-03-08,81.9919,82.7136,80.3704,81.3196,1099162,FMC
2018-03-09,82.0809,82.941,81.631,82.6049,1149672,FMC
2018-03-12,82.6938,83.5639,81.6458,82.9311,1292271,FMC
2018-03-13,83.4255,83.7715,82.6049,82.8323,919070,FMC
2018-03-14,83.1289,83.5441,81.458,81.7546,926016,FMC
2018-03-15,81.8732,82.2292,80.1134,80.1529,1042252,FMC
2018-03-16,80.0046,82.0116,79.6587,81.3591,1469312,FMC
2018-03-19,80.9043,81.2701,80.1233,80.4001,830441,FMC
2018-03-20,80.7066,80.9043,78.8478,79.0851,1140189,FMC
2018-03-21,78.9665,80.4001,78.1953,79.4411,1445766,FMC
2018-03-22,78.7786,79.4905,76.4552,76.4849,2219993,FMC
2018-03-23,76.6431,77.3648,74.5915,74.6558,1106407,FMC
2018-03-26,75.8027,76.4256,74.3197,75.1205,1317514,FMC
2018-03-27,75.5555,76.1092,74.0132,74.4284,1596431,FMC
2018-03-28,74.3442,74.8892,72.0652,72.4418,1409629,FMC
2018-03-29,74.5325,76.4151,74.3145,75.8701,3012076,FMC
2018-04-02,76.2169,77.4357,73.9181,74.3046,1534769,FMC
2018-04-03,75.1171,75.7017,73.938,75.5431,2012007,FMC
2018-04-04,74.1163,75.6125,73.0264,75.4837,1735267,FMC
2018-04-05,76.0881,79.2787,76.0881,78.813,2487421,FMC
2018-04-06,78.0401,79.0211,76.7916,77.4159,2147678,FMC
2018-04-09,77.7825,78.3473,77.0889,77.2771,964828,FMC
2018-04-10,78.3869,79.348,77.7528,78.5256,1102879,FMC
2018-04-11,77.8618,78.5454,77.5199,77.7131,776873,FMC
2018-04-12,79.1994,80.1903,78.7833,79.2688,1096698,FMC
2018-04-13,79.7741,80.0416,79.1895,79.5958,1053252,FMC
2018-04-16,80.0218,80.2002,79.0409,79.8831,740400,FMC
2018-04-17,80.4479,81.3595,80.0615,81.082,1108331,FMC
2018-04-18,81.7063,82.7516,81.1415,81.9837,1640755,FMC
2018-04-19,81.9837,82.3206,80.4776,81.3694,733139,FMC
2018-04-20,81.3892,82.1869,81.0028,81.5577,1509071,FMC
2018-04-23,81.518,82.1225,81.2604,81.6468,1721114,FMC
2018-04-24,82.1423,82.5286,78.6743,79.9426,1022804,FMC
2018-04-25,79.8831,80.6162,78.9715,79.8237,1114617,FMC
2018-04-26,80.2299,80.9929,79.3976,80.5074,916152,FMC
2018-04-27,80.4578,80.983,79.8336,80.4875,1164942,FMC
2018-04-30,80.3884,80.9681,78.9814,79.0012,1169132,FMC
2018-05-01,78.5157,79.1201,77.6438,79.0805,977661,FMC
2018-05-02,79.0112,80.2192,79.0112,79.6156,1351971,FMC
2018-05-03,83.2223,83.8168,80.4875,82.9647,3848528,FMC
2018-05-04,84.4113,87.2056,84.1339,86.6309,2786092,FMC
2018-05-07,86.8489,87.265,85.8976,87.0173,1848992,FMC
2018-05-08,86.6309,87.5127,86.0066,86.5912,1414412,FMC
2018-05-09,86.8191,87.156,85.204,85.5905,1383366,FMC
2018-05-10,85.6895,86.9281,84.9167,86.6309,1572584,FMC
2018-05-11,86.829,89.0089,86.7993,88.0874,1504951,FMC
2018-05-14,90.4259,90.5745,88.7018,88.9693,2052157,FMC
2018-05-15,88.3847,90.0493,87.5226,89.1774,1531070,FMC
2018-05-16,88.7711,91.1591,88.7711,90.9312,1563390,FMC
2018-05-17,91.1591,91.9815,90.7033,91.5554,1564426,FMC
2018-05-18,90.9213,92.1004,90.2277,90.6736,835935,FMC
2018-05-21,91.2978,91.7784,90.0791,90.4952,789651,FMC
2018-05-22,90.5448,91.3969,90.2178,90.2574,1231335,FMC
2018-05-23,89.6629,90.1187,88.7513,89.6728,950960,FMC
2018-05-24,88.7117,88.7117,87.1654,87.5226,1787423,FMC
2018-05-25,88.246,88.9495,87.4533,88.8504,1258978,FMC
2018-05-29,88.1568,88.568,86.3732,86.5318,1359238,FMC
2018-05-30,86.9083,88.0082,86.6507,87.5623,788350,FMC
2018-05-31,87.701,87.7604,86.1354,86.294,1006047,FMC
2018-06-01,86.7002,87.8001,86.4129,87.4632,957071,FMC
2018-06-04,87.7803,87.9021,86.4129,86.72,987002,FMC
2018-06-05,86.8191,87.8694,86.7993,87.4632,836091,FMC
2018-06-06,87.8397,90.0691,87.3641,90.0493,1384996,FMC
2018-06-07,90.0691,90.5249,87.7505,87.9784,1152461,FMC
2018-06-08,87.9586,88.4243,86.7894,87.8298,1254809,FMC
2018-06-11,87.9091,88.9792,87.5623,88.0775,982243,FMC
2018-06-12,88.1964,89.4243,87.8992,89.0486,1285865,FMC
2018-06-13,89.1675,89.7422,88.7711,89.0981,1257428,FMC
2018-06-14,89.1774,89.9205,89.1774,89.4746,1008026,FMC
2018-06-15,89.1774,89.4053,88.0874,89.0486,1884648,FMC
2018-06-18,88.0775,88.8108,87.6911,87.81,1293111,FMC
2018-06-19,86.5615,86.7002,84.6541,85.4121,1034382,FMC
2018-06-20,85.8481,86.1949,84.8077,85.9769,921906,FMC
2018-06-21,85.9075,86.3931,85.5508,85.7985,1209889,FMC
2018-06-22,86.403,88.5829,86.1751,88.1271,2466425,FMC
2018-06-25,87.7902,88.454,86.0958,87.592,2596415,FMC
2018-06-26,87.4037,88.1221,86.7498,87.5425,1075997,FMC
2018-06-27,88.3946,89.0834,87.6716,87.81,1681749,FMC
2018-06-28,87.8547,87.8944,86.4847,87.6661,915443,FMC
2018-06-29,87.9142,89.4529,87.5271,88.5595,1394101,FMC
2018-07-02,87.8944,88.3411,86.9811,87.3484,843299,FMC
2018-07-03,88.2815,89.3338,88.0632,88.5099,618234,FMC
2018-07-05,88.7382,89.165,86.9712,88.2617,1228060,FMC
2018-07-06,88.0135,89.7507,87.8547,89.1253,714767,FMC
2018-07-09,89.5919,90.2074,89.2246,89.5323,1166234,FMC
2018-07-10,89.5323,90.4159,89.2842,90.3464,877505,FMC
2018-07-11,89.2246,89.3437,87.6859,87.9341,971440,FMC
2018-07-12,88.5793,88.7115,87.2789,88.3411,793424,FMC
2018-07-13,88.1525,89.1086,87.6462,87.6958,715116,FMC
2018-07-16,87.5966,88.1723,85.7203,86.0876,1029947,FMC
2018-07-17,85.4225,87.7157,85.3729,87.1101,1693228,FMC
2018-07-18,87.1101,87.5072,86.177,86.3656,1299351,FMC
2018-07-19,85.9189,86.306,84.9758,85.9784,942031,FMC
2018-07-20,85.3928,86.3259,85.2141,86.0182,797773,FMC
2018-07-23,85.8693,85.8693,84.8567,85.2538,703608,FMC
2018-07-24,86.0281,86.8024,85.4622,85.7601,796604,FMC
2018-07-25,85.2438,86.991,85.2438,86.9414,795728,FMC
2018-07-26,86.9215,88.0036,86.579,87.8348,598940,FMC
2018-07-27,88.1922,88.9764,87.3682,88.0334,817548,FMC
2018-07-30,88.2418,89.1849,88.0234,88.4999,1477097,FMC
2018-07-31,88.9069,89.6415,88.1326,89.2246,1075561,FMC
2018-08-01,89.2246,89.5322,87.4427,87.6263,1423936,FMC
2018-08-02,84.3802,87.2491,83.6853,85.909,1894041,FMC
2018-08-03,86.2862,87.8745,85.8693,87.1498,884105,FMC
2018-08-06,86.6833,87.8844,86.2763,87.4477,777386,FMC
2018-08-07,87.9738,88.2418,86.2564,86.3656,781190,FMC
2018-08-08,86.862,88.6786,86.862,88.4701,1307987,FMC
2018-08-09,88.4999,90.8229,88.49,89.582,1507958,FMC
2018-08-10,88.5893,88.5992,86.7131,87.1201,1095788,FMC
2018-08-13,86.8024,87.0109,84.2908,85.2041,1110435,FMC
2018-08-14,85.4225,86.0479,84.6284,85.0056,713476,FMC
2018-08-15,84.1221,84.6085,81.8587,83.179,1025953,FMC
2018-08-16,83.9235,84.5787,83.7399,83.9037,694609,FMC
2018-08-17,83.6158,84.3802,82.7025,83.8243,747308,FMC
2018-08-20,83.9434,85.0254,83.8689,84.4894,717707,FMC
2018-08-21,84.4795,85.5119,84.2015,84.9659,744929,FMC
2018-08-22,85.1247,85.4816,84.5589,84.8071,893420,FMC
2018-08-23,84.549,84.6085,82.3551,83.9633,1241560,FMC
2018-08-24,84.4993,85.5119,83.9335,84.9163,599516,FMC
2018-08-27,85.2935,86.5145,85.0949,85.7303,671520,FMC
2018-08-28,85.9288,86.4748,85.2438,85.7402,622136,FMC
2018-08-29,85.77,86.584,85.09,85.9586,818085,FMC
2018-08-30,85.5119,86.1174,84.0129,84.4398,1322224,FMC
2018-08-31,84.5192,85.9586,84.3802,84.8269,919876,FMC
2018-09-04,83.8044,84.271,81.9927,82.4146,1206661,FMC
2018-09-05,82.5338,83.7349,81.8984,82.8713,1104369,FMC
2018-09-06,82.8713,83.2684,81.7559,82.3352,1016754,FMC
2018-09-07,81.8091,82.504,80.9851,81.5708,1025280,FMC
2018-09-10,81.8885,82.7389,81.3028,81.5013,796631,FMC
2018-09-11,80.5781,82.1863,80.4193,81.8885,739193,FMC
2018-09-12,81.8686,83.1393,81.6205,82.6727,764485,FMC
2018-09-13,83.1889,84.1419,83.1542,84.132,943428,FMC
2018-09-14,84.2611,85.2438,84.2114,84.7971,922868,FMC
2018-09-17,85.0652,86.0678,84.9262,85.6012,943868,FMC
2018-09-18,85.899,86.1968,85.3332,85.4325,798971,FMC
2018-09-19,85.8693,88.6488,85.3431,87.537,1164899,FMC
2018-09-20,88.2617,89.2941,87.6263,88.897,1545906,FMC
2018-09-21,90.0088,90.396,88.5992,89.2048,1646375,FMC
2018-09-24,89.2048,89.716,88.3808,89.0956,1101070,FMC
2018-09-25,89.1849,89.7011,88.5396,88.9665,923033,FMC
2018-09-26,88.5992,88.8474,87.6958,88.3212,797486,FMC
2018-09-27,88.3163,88.9031,87.1477,87.2223,875505,FMC
2018-09-28,86.9737,87.5903,86.0786,86.7051,795031,FMC
2018-10-01,87.2919,87.9085,86.8543,87.2521,816477,FMC
2018-10-02,87.1228,89.2313,87.1228,89.1418,1118759,FMC
2018-10-03,89.5794,92.2547,89.5595,91.4591,1657761,FMC
2018-10-04,91.4591,91.9166,89.9175,90.7729,1383638,FMC
2018-10-05,90.6535,91.0513,89.4998,90.1662,1015401,FMC
2018-10-08,89.7584,91.0563,89.7186,90.1662,708221,FMC
2018-10-09,89.3606,89.6291,86.0239,86.5162,1872306,FMC
2018-10-10,86.3968,86.4664,83.632,83.8607,1666219,FMC
2018-10-11,83.8806,83.8806,81.7224,82.707,2039845,FMC
2018-10-12,84.1989,85.1337,83.2739,84.3978,1376563,FMC
2018-10-15,84.2685,84.895,83.5524,83.5723,921634,FMC
2018-10-16,84.5171,85.2133,83.632,84.2386,1043863,FMC
2018-10-17,84.1292,84.537,82.3689,83.1645,1139159,FMC
2018-10-18,82.8164,83.8209,82.0208,82.2296,821609,FMC
2018-10-19,82.349,83.1844,80.5488,80.9069,1052203,FMC
2018-10-22,81.5832,81.6031,79.2559,79.3852,1342089,FMC
2018-10-23,77.7939,79.0471,76.4513,78.4603,1042003,FMC
2018-10-24,77.8536,78.3509,74.681,74.8003,1118103,FMC
2018-10-25,75.6059,76.2325,74.6511,75.6258,957558,FMC
2018-10-26,74.4522,76.1927,73.8257,75.3772,1216968,FMC
2018-10-29,76.3121,77.0779,75.0291,75.8347,1350883,FMC
2018-10-30,75.9043,77.0679,75.1683,76.869,1134634,FMC
2018-10-31,77.8934,78.7885,77.5155,77.6547,1111836,FMC
2018-11-01,78.7984,81.4042,77.9754,81.0859,1391705,FMC
2018-11-02,81.5633,81.8418,79.2858,80.0217,1403007,FMC
2018-11-05,80.2704,81.4141,79.793,80.0516,2675533,FMC
2018-11-06,80.9865,84.1193,80.5687,83.1745,2363455,FMC
2018-11-07,83.4927,84.537,82.7965,83.4828,2044516,FMC
2018-11-08,83.0253,83.7314,81.8318,83.2143,3281870,FMC
2018-11-09,82.7568,83.4927,82.1501,83.1148,1241731,FMC
2018-11-12,83.1247,83.5425,81.5931,81.7821,1236196,FMC
2018-11-13,81.6528,82.1004,80.5389,80.7975,1158590,FMC
2018-11-14,81.4937,81.792,80.3897,80.5389,1121070,FMC
2018-11-15,79.972,82.3092,79.4349,82.2197,1097395,FMC
2018-11-16,82.1103,82.901,81.6826,82.7468,1117490,FMC
2018-11-19,82.3689,83.5723,81.2542,81.4539,1409620,FMC
2018-11-20,80.1112,80.7776,78.0824,78.1719,1445826,FMC
2018-11-21,78.4304,79.9123,77.8636,79.0272,1198683,FMC
2018-11-23,77.8337,80.0715,77.8337,79.246,487845,FMC
2018-11-26,79.9919,81.2848,79.4349,80.9566,992070,FMC
2018-11-27,80.2107,80.7833,79.5145,80.0715,733261,FMC
2018-11-28,80.1809,82.7269,79.2261,82.7269,1253181,FMC
2018-11-29,82.2296,83.6618,82.0506,82.5976,1095673,FMC
2018-11-30,82.0506,82.8562,81.6826,82.2893,1210590,FMC
2018-12-03,84.4376,86.5261,84.1292,85.1934,2034888,FMC
2018-12-04,84.9448,85.7205,82.6076,82.7667,1166255,FMC
2018-12-06,81.0063,82.1004,79.1222,82.0805,1518697,FMC
2018-12-07,82.2396,83.8707,78.9775,79.6438,1094744,FMC
2018-12-10,78.9377,79.8726,77.5055,78.9576,673985,FMC
2018-12-11,80.1709,80.8062,77.5652,78.3807,633199,FMC
2018-12-12,79.7035,80.4096,78.9029,79.246,794941,FMC
2018-12-13,79.2559,79.8924,77.6547,77.8138,840817,FMC
2018-12-14,76.9784,77.7144,76.4413,76.7994,667670,FMC
2018-12-17,76.5408,77.3762,75.4468,75.8546,1424207,FMC
2018-12-18,76.1231,77.0281,75.4219,75.9043,1206405,FMC
2018-12-19,76.133,77.8934,74.124,74.4522,968942,FMC
2018-12-20,74.5815,75.1385,71.0409,71.7172,1286829,FMC
2018-12-21,71.3194,73.5472,70.3841,70.484,2153443,FMC
2018-12-24,70.0961,70.9116,69.1214,69.7082,491922,FMC
2018-12-26,69.9071,73.1295,68.9822,73.04,659274,FMC
2018-12-27,71.95,73.78,71.09,73.78,887832,FMC
2018-12-28,74.21,74.59,72.78,73.23,794530,FMC
2018-12-31,73.44,74.505,73.04,73.96,615291,FMC
2019-01-02,72.74,75.4,72.42,75.07,892041,FMC
2019-01-03,74.96,75.18,72.79,73.0,1006736,FMC
2019-01-04,74.75,77.15,74.5,76.86,1054905,FMC
2019-01-07,76.88,78.94,76.25,77.76,1039133,FMC
2019-01-08,78.21,79.1,78.21,79.1,905237,FMC
2019-01-09,79.77,80.36,78.78,79.43,722221,FMC
2019-01-10,78.94,80.71,78.31,80.67,600134,FMC
2019-01-11,79.86,80.7,79.101,80.33,573363,FMC
2019-01-14,79.34,80.55,79.09,79.89,550526,FMC
2019-01-15,79.67,80.19,78.975,79.23,665794,FMC
2019-01-16,79.01,79.795,78.71,79.17,733607,FMC
2019-01-17,78.43,79.81,78.43,79.42,1039601,FMC
2019-01-18,80.03,81.21,79.84,80.65,1147375,FMC
2019-01-22,80.01,80.24,79.0,79.56,1324567,FMC
2019-01-23,79.6,79.84,77.63,78.09,816555,FMC
