Annual Return

Return-based strategy
Portfolio size: 5
n2v: 			0.11984521718980501
graphsage_mean: 0.10867450948119539
gcn: 			0.14266537536278046		*
greedy: 		0.11668836104049474
index: 			0.06782914563898723


Portfolio size: 10
n2v: 			0.10362102266806361
graphsage_mean: 0.09945222309896051
gcn: 			0.10364639289804933		*
greedy: 		0.08706529095342641
index: 			0.06782914563898723


Portfolio size: 15
n2v: 			0.0641640112665316
graphsage_mean: 0.05505625096876354
gcn: 			0.09756515311927094		*
greedy: 		0.07041993233903132
index: 			0.06782914563898723


Portfolio size: 20
n2v: 			0.05628408041937916
graphsage_mean: 0.05559988627424972
gcn: 			0.09119217576514904		*
greedy: 		0.060432922635203834
index: 			0.06782914563898723
